/*--------------------------------*- C++ -*----------------------------------*\
| =========                 |                                                 |
| \\      /  F ield         | OpenFOAM: The Open Source CFD Toolbox           |
|  \\    /   O peration     | Version:  v2012                                 |
|   \\  /    A nd           | Website:  www.openfoam.com                      |
|    \\/     M anipulation  |                                                 |
\*---------------------------------------------------------------------------*/
FoamFile
{
    version     2.0;
    format      binary;
    class       faceSet;
    arch        "LSB;label=32;scalar=64";
    location    "constant/polyMesh/sets";
    object      fs_schaufelSide_ami;
}
// * * * * * * * * * * * * * * * * * * * * * * * * * * * * * * * * * * * * * //


12335
(
854388
854389
854390
854391
854392
854393
854394
854395
854396
854397
854398
854399
854400
854401
854402
854403
854404
854405
854406
854407
854408
854409
854410
854411
854412
854413
854414
854415
854416
854417
854418
854419
854420
854421
854422
854423
854424
854425
854426
854427
854428
854429
854430
854431
854432
854433
854434
854435
854436
854437
854438
854439
854440
854441
854442
854443
854444
854445
854446
854447
854448
854449
854450
854451
854452
854453
854454
854455
854456
854457
854458
854459
854460
854461
854462
854463
854464
854465
854466
854467
854468
854469
854470
854471
854472
854473
854474
854475
854476
854477
854478
854479
854480
854481
854482
854483
854484
854485
854486
854487
854488
854489
854490
854491
854492
854493
854494
854495
854496
854497
854498
854499
854500
854501
854502
854503
854504
854505
854506
854507
854508
854509
854510
854511
854512
854513
854514
854515
854516
854517
854518
854519
854520
854521
854522
854523
854524
854525
854526
854527
854528
854529
854530
854531
854532
854533
854534
854535
854536
854537
854538
854539
854540
854541
854542
854543
854544
854545
854546
854547
854548
854549
854550
854551
854552
854553
854554
854555
854556
854557
854558
854559
854560
854561
854562
854563
854564
854565
854566
854567
854568
854569
854570
854571
854572
854573
854574
854575
854576
854577
854578
854579
854580
854581
854582
854583
854584
854585
854586
854587
854588
854589
854590
854591
854592
854593
854594
854595
854596
854597
854598
854599
854600
854601
854602
854603
854604
854605
854606
854607
854608
854609
854610
854611
854612
854613
854614
854615
854616
854617
854618
854619
854620
854621
854622
854623
854624
854625
854626
854627
854628
854629
854630
854631
854632
854633
854634
854635
854636
854637
854638
854639
854640
854641
854642
854643
854644
854645
854646
854647
854648
854649
854650
854651
854652
854653
854654
854655
854656
854657
854658
854659
854660
854661
854662
854663
854664
854665
854666
854667
854668
854669
854670
854671
854672
854673
854674
854675
854676
854677
854678
854679
854680
854681
854682
854683
854684
854685
854686
854687
854688
854689
854690
854691
854692
854693
854694
854695
854696
854697
854698
854699
854700
854701
854702
854703
854704
854705
854706
854707
854708
854709
854710
854711
854712
854713
854714
854715
854716
854717
854718
854719
854720
854721
854722
854723
854724
854725
854726
854727
854728
854729
854730
854731
854732
854733
854734
854735
854736
854737
854738
854739
854740
854741
854742
854743
854744
854745
854746
854747
854748
854749
854750
854751
854752
854753
854754
854755
854756
854757
854758
854759
854760
854761
854762
854763
854764
854765
854766
854767
854768
854769
854770
854771
854772
854773
854774
854775
854776
854777
854778
854779
854780
854781
854782
854783
854784
854785
854786
854787
854788
854789
854790
854791
854792
854793
854794
854795
854796
854797
854798
854799
854800
854801
854802
854803
854804
854805
854806
854807
854808
854809
854810
854811
854812
854813
854814
854815
854816
854817
854818
854819
854820
854821
854822
854823
854824
854825
854826
854827
854828
854829
854830
854831
854832
854833
854834
854835
854836
854837
854838
854839
854840
854841
854842
854843
854844
854845
854846
854847
854848
854849
854850
854851
854852
854853
854854
854855
854856
854857
854858
854859
854860
854861
854862
854863
854864
854865
854866
854867
854868
854869
854870
854871
854872
854873
854874
854875
854876
854877
854878
854879
854880
854881
854882
854883
854884
854885
854886
854887
854888
854889
854890
854891
854892
854893
854894
854895
854896
854897
854898
854899
854900
854901
854902
854903
854904
854905
854906
854907
854908
854909
854910
854911
854912
854913
854914
854915
854916
854917
854918
854919
854920
854921
854922
854923
854924
854925
854926
854927
854928
854929
854930
854931
854932
854933
854934
854935
854936
854937
854938
854939
854940
854941
854942
854943
854944
854945
854946
854947
854948
854949
854950
854951
854952
854953
854954
854955
854956
854957
854958
854959
854960
854961
854962
854963
854964
854965
854966
854967
854968
854969
854970
854971
854972
854973
854974
854975
854976
854977
854978
854979
854980
854981
854982
854983
854984
854985
854986
854987
854988
854989
854990
854991
854992
854993
854994
854995
854996
854997
854998
854999
855000
855001
855002
855003
855004
855005
855006
855007
855008
855009
855010
855011
855012
855013
855014
855015
855016
855017
855018
855019
855020
855021
855022
855023
855024
855025
855026
855027
855028
855029
855030
855031
855032
855033
855034
855035
855036
855037
855038
855039
855040
855041
855042
855043
855044
855045
855046
855047
855048
855049
855050
855051
855052
855053
855054
855055
855056
855057
855058
855059
855060
855061
855062
855063
855064
855065
855066
855067
855068
855069
855070
855071
855072
855073
855074
855075
855076
855077
855078
855079
855080
855081
855082
855083
855084
855085
855086
855087
855088
855089
855090
855091
855092
855093
855094
855095
855096
855097
855098
855099
855100
855101
855102
855103
855104
855105
855106
855107
855108
855109
855110
855111
855112
855113
855114
855115
855116
855117
855118
855119
855120
855121
855122
855123
855124
855125
855126
855127
855128
855129
855130
855131
855132
855133
855134
855135
855136
855137
855138
855139
855140
855141
855142
855143
855144
855145
855146
855147
855148
855149
855150
855151
855152
855153
855154
855155
855156
855157
855158
855159
855160
855161
855162
855163
855164
855165
855166
855167
855168
855169
855170
855171
855172
855173
855174
855175
855176
855177
855178
855179
855180
855181
855182
855183
855184
855185
855186
855187
855188
855189
855190
855191
855192
855193
855194
855195
855196
855197
855198
855199
855200
855201
855202
855203
855204
855205
855206
855207
855208
855209
855210
855211
855212
855213
855214
855215
855216
855217
855218
855219
855220
855221
855222
855223
855224
855225
855226
855227
855228
855229
855230
855231
855232
855233
855234
855235
855236
855237
855238
855239
855240
855241
855242
855243
855244
855245
855246
855247
855248
855249
855250
855251
855252
855253
855254
855255
855256
855257
855258
855259
855260
855261
855262
855263
855264
855265
855266
855267
855268
855269
855270
855271
855272
855273
855274
855275
855276
855277
855278
855279
855280
855281
855282
855283
855284
855285
855286
855287
855288
855289
855290
855291
855292
855293
855294
855295
855296
855297
855298
855299
855300
855301
855302
855303
855304
855305
855306
855307
855308
855309
855310
855311
855312
855313
855314
855315
855316
855317
855318
855319
855320
855321
855322
855323
855324
855325
855326
855327
855328
855329
855330
855331
855332
855333
855334
855335
855336
855337
855338
855339
855340
855341
855342
855343
855344
855345
855346
855347
855348
855349
855350
855351
855352
855353
855354
855355
855356
855357
855358
855359
855360
855361
855362
855363
855364
855365
855366
855367
855368
855369
855370
855371
855372
855373
855374
855375
855376
855377
855378
855379
855380
855381
855382
855383
855384
855385
855386
855387
855388
855389
855390
855391
855392
855393
855394
855395
855396
855397
855398
855399
855400
855401
855402
855403
855404
855405
855406
855407
855408
855409
855410
855411
855412
855413
855414
855415
855416
855417
855418
855419
855420
855421
855422
855423
855424
855425
855426
855427
855428
855429
855430
855431
855432
855433
855434
855435
855436
855437
855438
855439
855440
855441
855442
855443
855444
855445
855446
855447
855448
855449
855450
855451
855452
855453
855454
855455
855456
855457
855458
855459
855460
855461
855462
855463
855464
855465
855466
855467
855468
855469
855470
855471
855472
855473
855474
855475
855476
855477
855478
855479
855480
855481
855482
855483
855484
855485
855486
855487
855488
855489
855490
855491
855492
855493
855494
855495
855496
855497
855498
855499
855500
855501
855502
855503
855504
855505
855506
855507
855508
855509
855510
855511
855512
855513
855514
855515
855516
855517
855518
855519
855520
855521
855522
855523
855524
855525
855526
855527
855528
855529
855530
855531
855532
855533
855534
855535
855536
855537
855538
855539
855540
855541
855542
855543
855544
855545
855546
855547
855548
855549
855550
855551
855552
855553
855554
855555
855556
855557
855558
855559
855560
855561
855562
855563
855564
855565
855566
855567
855568
855569
855570
855571
855572
855573
855574
855575
855576
855577
855578
855579
855580
855581
855582
855583
855584
855585
855586
855587
855588
855589
855590
855591
855592
855593
855594
855595
855596
855597
855598
855599
855600
855601
855602
855603
855604
855605
855606
855607
855608
855609
855610
855611
855612
855613
855614
855615
855616
855617
855618
855619
855620
855621
855622
855623
855624
855625
855626
855627
855628
855629
855630
855631
855632
855633
855634
855635
855636
855637
855638
855639
855640
855641
855642
855643
855644
855645
855646
855647
855648
855649
855650
855651
855652
855653
855654
855655
855656
855657
855658
855659
855660
855661
855662
855663
855664
855665
855666
855667
855668
855669
855670
855671
855672
855673
855674
855675
855676
855677
855678
855679
855680
855681
855682
855683
855684
855685
855686
855687
855688
855689
855690
855691
855692
855693
855694
855695
855696
855697
855698
855699
855700
855701
855702
855703
855704
855705
855706
855707
855708
855709
855710
855711
855712
855713
855714
855715
855716
855717
855718
855719
855720
855721
855722
855723
855724
855725
855726
855727
855728
855729
855730
855731
855732
855733
855734
855735
855736
855737
855738
855739
855740
855741
855742
855743
855744
855745
855746
855747
855748
855749
855750
855751
855752
855753
855754
855755
855756
855757
855758
855759
855760
855761
855762
855763
855764
855765
855766
855767
855768
855769
855770
855771
855772
855773
855774
855775
855776
855777
855778
855779
855780
855781
855782
855783
855784
855785
855786
855787
855788
855789
855790
855791
855792
855793
855794
855795
855796
855797
855798
855799
855800
855801
855802
855803
855804
855805
855806
855807
855808
855809
855810
855811
855812
855813
855814
855815
855816
855817
855818
855819
855820
855821
855822
855823
855824
855825
855826
855827
855828
855829
855830
855831
855832
855833
855834
855835
855836
855837
855838
855839
855840
855841
855842
855843
855844
855845
855846
855847
855848
855849
855850
855851
855852
855853
855854
855855
855856
855857
855858
855859
855860
855861
855862
855863
855864
855865
855866
855867
855868
855869
855870
855871
855872
855873
855874
855875
855876
855877
855878
855879
855880
855881
855882
855883
855884
855885
855886
855887
855888
855889
855890
855891
855892
855893
855894
855895
855896
855897
855898
855899
855900
855901
855902
855903
855904
855905
855906
855907
855908
855909
855910
855911
855912
855913
855914
855915
855916
855917
855918
855919
855920
855921
855922
855923
855924
855925
855926
855927
855928
855929
855930
855931
855932
855933
855934
855935
855936
855937
855938
855939
855940
855941
855942
855943
855944
855945
855946
855947
855948
855949
855950
855951
855952
855953
855954
855955
855956
855957
855958
855959
855960
855961
855962
855963
855964
855965
855966
855967
855968
855969
855970
855971
855972
855973
855974
855975
855976
855977
855978
855979
855980
855981
855982
855983
855984
855985
855986
855987
855988
855989
855990
855991
855992
855993
855994
855995
855996
855997
855998
855999
856000
856001
856002
856003
856004
856005
856006
856007
856008
856009
856010
856011
856012
856013
856014
856015
856016
856017
856018
856019
856020
856021
856022
856023
856024
856025
856026
856027
856028
856029
856030
856031
856032
856033
856034
856035
856036
856037
856038
856039
856040
856041
856042
856043
856044
856045
856046
856047
856048
856049
856050
856051
856052
856053
856054
856055
856056
856057
856058
856059
856060
856061
856062
856063
856064
856065
856066
856067
856068
856069
856070
856071
856072
856073
856074
856075
856076
856077
856078
856079
856080
856081
856082
856083
856084
856085
856086
856087
856088
856089
856090
856091
856092
856093
856094
856095
856096
856097
856098
856099
856100
856101
856102
856103
856104
856105
856106
856107
856108
856109
856110
856111
856112
856113
856114
856115
856116
856117
856118
856119
856120
856121
856122
856123
856124
856125
856126
856127
856128
856129
856130
856131
856132
856133
856134
856135
856136
856137
856138
856139
856140
856141
856142
856143
856144
856145
856146
856147
856148
856149
856150
856151
856152
856153
856154
856155
856156
856157
856158
856159
856160
856161
856162
856163
856164
856165
856166
856167
856168
856169
856170
856171
856172
856173
856174
856175
856176
856177
856178
856179
856180
856181
856182
856183
856184
856185
856186
856187
856188
856189
856190
856191
856192
856193
856194
856195
856196
856197
856198
856199
856200
856201
856202
856203
856204
856205
856206
856207
856208
856209
856210
856211
856212
856213
856214
856215
856216
856217
856218
856219
856220
856221
856222
856223
856224
856225
856226
856227
856228
856229
856230
856231
856232
856233
856234
856235
856236
856237
856238
856239
856240
856241
856242
856243
856244
856245
856246
856247
856248
856249
856250
856251
856252
856253
856254
856255
856256
856257
856258
856259
856260
856261
856262
856263
856264
856265
856266
856267
856268
856269
856270
856271
856272
856273
856274
856275
856276
856277
856278
856279
856280
856281
856282
856283
856284
856285
856286
856287
856288
856289
856290
856291
856292
856293
856294
856295
856296
856297
856298
856299
856300
856301
856302
856303
856304
856305
856306
856307
856308
856309
856310
856311
856312
856313
856314
856315
856316
856317
856318
856319
856320
856321
856322
856323
856324
856325
856326
856327
856328
856329
856330
856331
856332
856333
856334
856335
856336
856337
856338
856339
856340
856341
856342
856343
856344
856345
856346
856347
856348
856349
856350
856351
856352
856353
856354
856355
856356
856357
856358
856359
856360
856361
856362
856363
856364
856365
856366
856367
856368
856369
856370
856371
856372
856373
856374
856375
856376
856377
856378
856379
856380
856381
856382
856383
856384
856385
856386
856387
856388
856389
856390
856391
856392
856393
856394
856395
856396
856397
856398
856399
856400
856401
856402
856403
856404
856405
856406
856407
856408
856409
856410
856411
856412
856413
856414
856415
856416
856417
856418
856419
856420
856421
856422
856423
856424
856425
856426
856427
856428
856429
856430
856431
856432
856433
856434
856435
856436
856437
856438
856439
856440
856441
856442
856443
856444
856445
856446
856447
856448
856449
856450
856451
856452
856453
856454
856455
856456
856457
856458
856459
856460
856461
856462
856463
856464
856465
856466
856467
856468
856469
856470
856471
856472
856473
856474
856475
856476
856477
856478
856479
856480
856481
856482
856483
856484
856485
856486
856487
856488
856489
856490
856491
856492
856493
856494
856495
856496
856497
856498
856499
856500
856501
856502
856503
856504
856505
856506
856507
856508
856509
856510
856511
856512
856513
856514
856515
856516
856517
856518
856519
856520
856521
856522
856523
856524
856525
856526
856527
856528
856529
856530
856531
856532
856533
856534
856535
856536
856537
856538
856539
856540
856541
856542
856543
856544
856545
856546
856547
856548
856549
856550
856551
856552
856553
856554
856555
856556
856557
856558
856559
856560
856561
856562
856563
856564
856565
856566
856567
856568
856569
856570
856571
856572
856573
856574
856575
856576
856577
856578
856579
856580
856581
856582
856583
856584
856585
856586
856587
856588
856589
856590
856591
856592
856593
856594
856595
856596
856597
856598
856599
856600
856601
856602
856603
856604
856605
856606
856607
856608
856609
856610
856611
856612
856613
856614
856615
856616
856617
856618
856619
856620
856621
856622
856623
856624
856625
856626
856627
856628
856629
856630
856631
856632
856633
856634
856635
856636
856637
856638
856639
856640
856641
856642
856643
856644
856645
856646
856647
856648
856649
856650
856651
856652
856653
856654
856655
856656
856657
856658
856659
856660
856661
856662
856663
856664
856665
856666
856667
856668
856669
856670
856671
856672
856673
856674
856675
856676
856677
856678
856679
856680
856681
856682
856683
856684
856685
856686
856687
856688
856689
856690
856691
856692
856693
856694
856695
856696
856697
856698
856699
856700
856701
856702
856703
856704
856705
856706
856707
856708
856709
856710
856711
856712
856713
856714
856715
856716
856717
856718
856719
856720
856721
856722
856723
856724
856725
856726
856727
856728
856729
856730
856731
856732
856733
856734
856735
856736
856737
856738
856739
856740
856741
856742
856743
856744
856745
856746
856747
856748
856749
856750
856751
856752
856753
856754
856755
856756
856757
856758
856759
856760
856761
856762
856763
856764
856765
856766
856767
856768
856769
856770
856771
856772
856773
856774
856775
856776
856777
856778
856779
856780
856781
856782
856783
856784
856785
856786
856787
856788
856789
856790
856791
856792
856793
856794
856795
856796
856797
856798
856799
856800
856801
856802
856803
856804
856805
856806
856807
856808
856809
856810
856811
856812
856813
856814
856815
856816
856817
856818
856819
856820
856821
856822
856823
856824
856825
856826
856827
856828
856829
856830
856831
856832
856833
856834
856835
856836
856837
856838
856839
856840
856841
856842
856843
856844
856845
856846
856847
856848
856849
856850
856851
856852
856853
856854
856855
856856
856857
856858
856859
856860
856861
856862
856863
856864
856865
856866
856867
856868
856869
856870
856871
856872
856873
856874
856875
856876
856877
856878
856879
856880
856881
856882
856883
856884
856885
856886
856887
856888
856889
856890
856891
856892
856893
856894
856895
856896
856897
856898
856899
856900
856901
856902
856903
856904
856905
856906
856907
856908
856909
856910
856911
856912
856913
856914
856915
856916
856917
856918
856919
856920
856921
856922
856923
856924
856925
856926
856927
856928
856929
856930
856931
856932
856933
856934
856935
856936
856937
856938
856939
856940
856941
856942
856943
856944
856945
856946
856947
856948
856949
856950
856951
856952
856953
856954
856955
856956
856957
856958
856959
856960
856961
856962
856963
856964
856965
856966
856967
856968
856969
856970
856971
856972
856973
856974
856975
856976
856977
856978
856979
856980
856981
856982
856983
856984
856985
856986
856987
856988
856989
856990
856991
856992
856993
856994
856995
856996
856997
856998
856999
857000
857001
857002
857003
857004
857005
857006
857007
857008
857009
857010
857011
857012
857013
857014
857015
857016
857017
857018
857019
857020
857021
857022
857023
857024
857025
857026
857027
857028
857029
857030
857031
857032
857033
857034
857035
857036
857037
857038
857039
857040
857041
857042
857043
857044
857045
857046
857047
857048
857049
857050
857051
857052
857053
857054
857055
857056
857057
857058
857059
857060
857061
857062
857063
857064
857065
857066
857067
857068
857069
857070
857071
857072
857073
857074
857075
857076
857077
857078
857079
857080
857081
857082
857083
857084
857085
857086
857087
857088
857089
857090
857091
857092
857093
857094
857095
857096
857097
857098
857099
857100
857101
857102
857103
857104
857105
857106
857107
857108
857109
857110
857111
857112
857113
857114
857115
857116
857117
857118
857119
857120
857121
857122
857123
857124
857125
857126
857127
857128
857129
857130
857131
857132
857133
857134
857135
857136
857137
857138
857139
857140
857141
857142
857143
857144
857145
857146
857147
857148
857149
857150
857151
857152
857153
857154
857155
857156
857157
857158
857159
857160
857161
857162
857163
857164
857165
857166
857167
857168
857169
857170
857171
857172
857173
857174
857175
857176
857177
857178
857179
857180
857181
857182
857183
857184
857185
857186
857187
857188
857189
857190
857191
857192
857193
857194
857195
857196
857197
857198
857199
857200
857201
857202
857203
857204
857205
857206
857207
857208
857209
857210
857211
857212
857213
857214
857215
857216
857217
857218
857219
857220
857221
857222
857223
857224
857225
857226
857227
857228
857229
857230
857231
857232
857233
857234
857235
857236
857237
857238
857239
857240
857241
857242
857243
857244
857245
857246
857247
857248
857249
857250
857251
857252
857253
857254
857255
857256
857257
857258
857259
857260
857261
857262
857263
857264
857265
857266
857267
857268
857269
857270
857271
857272
857273
857274
857275
857276
857277
857278
857279
857280
857281
857282
857283
857284
857285
857286
857287
857288
857289
857290
857291
857292
857293
857294
857295
857296
857297
857298
857299
857300
857301
857302
857303
857304
857305
857306
857307
857308
857309
857310
857311
857312
857313
857314
857315
857316
857317
857318
857319
857320
857321
857322
857323
857324
857325
857326
857327
857328
857329
857330
857331
857332
857333
857334
857335
857336
857337
857338
857339
857340
857341
857342
857343
857344
857345
857346
857347
857348
857349
857350
857351
857352
857353
857354
857355
857356
857357
857358
857359
857360
857361
857362
857363
857364
857365
857366
857367
857368
857369
857370
857371
857372
857373
857374
857375
857376
857377
857378
857379
857380
857381
857382
857383
857384
857385
857386
857387
857388
857389
857390
857391
857392
857393
857394
857395
857396
857397
857398
857399
857400
857401
857402
857403
857404
857405
857406
857407
857408
857409
857410
857411
857412
857413
857414
857415
857416
857417
857418
857419
857420
857421
857422
857423
857424
857425
857426
857427
857428
857429
857430
857431
857432
857433
857434
857435
857436
857437
857438
857439
857440
857441
857442
857443
857444
857445
857446
857447
857448
857449
857450
857451
857452
857453
857454
857455
857456
857457
857458
857459
857460
857461
857462
857463
857464
857465
857466
857467
857468
857469
857470
857471
857472
857473
857474
857475
857476
857477
857478
857479
857480
857481
857482
857483
857484
857485
857486
857487
857488
857489
857490
857491
857492
857493
857494
857495
857496
857497
857498
857499
857500
857501
857502
857503
857504
857505
857506
857507
857508
857509
857510
857511
857512
857513
857514
857515
857516
857517
857518
857519
857520
857521
857522
857523
857524
857525
857526
857527
857528
857529
857530
857531
857532
857533
857534
857535
857536
857537
857538
857539
857540
857541
857542
857543
857544
857545
857546
857547
857548
857549
857550
857551
857552
857553
857554
857555
857556
857557
857558
857559
857560
857561
857562
857563
857564
857565
857566
857567
857568
857569
857570
857571
857572
857573
857574
857575
857576
857577
857578
857579
857580
857581
857582
857583
857584
857585
857586
857587
857588
857589
857590
857591
857592
857593
857594
857595
857596
857597
857598
857599
857600
857601
857602
857603
857604
857605
857606
857607
857608
857609
857610
857611
857612
857613
857614
857615
857616
857617
857618
857619
857620
857621
857622
857623
857624
857625
857626
857627
857628
857629
857630
857631
857632
857633
857634
857635
857636
857637
857638
857639
857640
857641
857642
857643
857644
857645
857646
857647
857648
857649
857650
857651
857652
857653
857654
857655
857656
857657
857658
857659
857660
857661
857662
857663
857664
857665
857666
857667
857668
857669
857670
857671
857672
857673
857674
857675
857676
857677
857678
857679
857680
857681
857682
857683
857684
857685
857686
857687
857688
857689
857690
857691
857692
857693
857694
857695
857696
857697
857698
857699
857700
857701
857702
857703
857704
857705
857706
857707
857708
857709
857710
857711
857712
857713
857714
857715
857716
857717
857718
857719
857720
857721
857722
857723
857724
857725
857726
857727
857728
857729
857730
857731
857732
857733
857734
857735
857736
857737
857738
857739
857740
857741
857742
857743
857744
857745
857746
857747
857748
857749
857750
857751
857752
857753
857754
857755
857756
857757
857758
857759
857760
857761
857762
857763
857764
857765
857766
857767
857768
857769
857770
857771
857772
857773
857774
857775
857776
857777
857778
857779
857780
857781
857782
857783
857784
857785
857786
857787
857788
857789
857790
857791
857792
857793
857794
857795
857796
857797
857798
857799
857800
857801
857802
857803
857804
857805
857806
857807
857808
857809
857810
857811
857812
857813
857814
857815
857816
857817
857818
857819
857820
857821
857822
857823
857824
857825
857826
857827
857828
857829
857830
857831
857832
857833
857834
857835
857836
857837
857838
857839
857840
857841
857842
857843
857844
857845
857846
857847
857848
857849
857850
857851
857852
857853
857854
857855
857856
857857
857858
857859
857860
857861
857862
857863
857864
857865
857866
857867
857868
857869
857870
857871
857872
857873
857874
857875
857876
857877
857878
857879
857880
857881
857882
857883
857884
857885
857886
857887
857888
857889
857890
857891
857892
857893
857894
857895
857896
857897
857898
857899
857900
857901
857902
857903
857904
857905
857906
857907
857908
857909
857910
857911
857912
857913
857914
857915
857916
857917
857918
857919
857920
857921
857922
857923
857924
857925
857926
857927
857928
857929
857930
857931
857932
857933
857934
857935
857936
857937
857938
857939
857940
857941
857942
857943
857944
857945
857946
857947
857948
857949
857950
857951
857952
857953
857954
857955
857956
857957
857958
857959
857960
857961
857962
857963
857964
857965
857966
857967
857968
857969
857970
857971
857972
857973
857974
857975
857976
857977
857978
857979
857980
857981
857982
857983
857984
857985
857986
857987
857988
857989
857990
857991
857992
857993
857994
857995
857996
857997
857998
857999
858000
858001
858002
858003
858004
858005
858006
858007
858008
858009
858010
858011
858012
858013
858014
858015
858016
858017
858018
858019
858020
858021
858022
858023
858024
858025
858026
858027
858028
858029
858030
858031
858032
858033
858034
858035
858036
858037
858038
858039
858040
858041
858042
858043
858044
858045
858046
858047
858048
858049
858050
858051
858052
858053
858054
858055
858056
858057
858058
858059
858060
858061
858062
858063
858064
858065
858066
858067
858068
858069
858070
858071
858072
858073
858074
858075
858076
858077
858078
858079
858080
858081
858082
858083
858084
858085
858086
858087
858088
858089
858090
858091
858092
858093
858094
858095
858096
858097
858098
858099
858100
858101
858102
858103
858104
858105
858106
858107
858108
858109
858110
858111
858112
858113
858114
858115
858116
858117
858118
858119
858120
858121
858122
858123
858124
858125
858126
858127
858128
858129
858130
858131
858132
858133
858134
858135
858136
858137
858138
858139
858140
858141
858142
858143
858144
858145
858146
858147
858148
858149
858150
858151
858152
858153
858154
858155
858156
858157
858158
858159
858160
858161
858162
858163
858164
858165
858166
858167
858168
858169
858170
858171
858172
858173
858174
858175
858176
858177
858178
858179
858180
858181
858182
858183
858184
858185
858186
858187
858188
858189
858190
858191
858192
858193
858194
858195
858196
858197
858198
858199
858200
858201
858202
858203
858204
858205
858206
858207
858208
858209
858210
858211
858212
858213
858214
858215
858216
858217
858218
858219
858220
858221
858222
858223
858224
858225
858226
858227
858228
858229
858230
858231
858232
858233
858234
858235
858236
858237
858238
858239
858240
858241
858242
858243
858244
858245
858246
858247
858248
858249
858250
858251
858252
858253
858254
858255
858256
858257
858258
858259
858260
858261
858262
858263
858264
858265
858266
858267
858268
858269
858270
858271
858272
858273
858274
858275
858276
858277
858278
858279
858280
858281
858282
858283
858284
858285
858286
858287
858288
858289
858290
858291
858292
858293
858294
858295
858296
858297
858298
858299
858300
858301
858302
858303
858304
858305
858306
858307
858308
858309
858310
858311
858312
858313
858314
858315
858316
858317
858318
858319
858320
858321
858322
858323
858324
858325
858326
858327
858328
858329
858330
858331
858332
858333
858334
858335
858336
858337
858338
858339
858340
858341
858342
858343
858344
858345
858346
858347
858348
858349
858350
858351
858352
858353
858354
858355
858356
858357
858358
858359
858360
858361
858362
858363
858364
858365
858366
858367
858368
858369
858370
858371
858372
858373
858374
858375
858376
858377
858378
858379
858380
858381
858382
858383
858384
858385
858386
858387
858388
858389
858390
858391
858392
858393
858394
858395
858396
858397
858398
858399
858400
858401
858402
858403
858404
858405
858406
858407
858408
858409
858410
858411
858412
858413
858414
858415
858416
858417
858418
858419
858420
858421
858422
858423
858424
858425
858426
858427
858428
858429
858430
858431
858432
858433
858434
858435
858436
858437
858438
858439
858440
858441
858442
858443
858444
858445
858446
858447
858448
858449
858450
858451
858452
858453
858454
858455
858456
858457
858458
858459
858460
858461
858462
858463
858464
858465
858466
858467
858468
858469
858470
858471
858472
858473
858474
858475
858476
858477
858478
858479
858480
858481
858482
858483
858484
858485
858486
858487
858488
858489
858490
858491
858492
858493
858494
858495
858496
858497
858498
858499
858500
858501
858502
858503
858504
858505
858506
858507
858508
858509
858510
858511
858512
858513
858514
858515
858516
858517
858518
858519
858520
858521
858522
858523
858524
858525
858526
858527
858528
858529
858530
858531
858532
858533
858534
858535
858536
858537
858538
858539
858540
858541
858542
858543
858544
858545
858546
858547
858548
858549
858550
858551
858552
858553
858554
858555
858556
858557
858558
858559
858560
858561
858562
858563
858564
858565
858566
858567
858568
858569
858570
858571
858572
858573
858574
858575
858576
858577
858578
858579
858580
858581
858582
858583
858584
858585
858586
858587
858588
858589
858590
858591
858592
858593
858594
858595
858596
858597
858598
858599
858600
858601
858602
858603
858604
858605
858606
858607
858608
858609
858610
858611
858612
858613
858614
858615
858616
858617
858618
858619
858620
858621
858622
858623
858624
858625
858626
858627
858628
858629
858630
858631
858632
858633
858634
858635
858636
858637
858638
858639
858640
858641
858642
858643
858644
858645
858646
858647
858648
858649
858650
858651
858652
858653
858654
858655
858656
858657
858658
858659
858660
858661
858662
858663
858664
858665
858666
858667
858668
858669
858670
858671
858672
858673
858674
858675
858676
858677
858678
858679
858680
858681
858682
858683
858684
858685
858686
858687
858688
858689
858690
858691
858692
858693
858694
858695
858696
858697
858698
858699
858700
858701
858702
858703
858704
858705
858706
858707
858708
858709
858710
858711
858712
858713
858714
858715
858716
858717
858718
858719
858720
858721
858722
858723
858724
858725
858726
858727
858728
858729
858730
858731
858732
858733
858734
858735
858736
858737
858738
858739
858740
858741
858742
858743
858744
858745
858746
858747
858748
858749
858750
858751
858752
858753
858754
858755
858756
858757
858758
858759
858760
858761
858762
858763
858764
858765
858766
858767
858768
858769
858770
858771
858772
858773
858774
858775
858776
858777
858778
858779
858780
858781
858782
858783
858784
858785
858786
858787
858788
858789
858790
858791
858792
858793
858794
858795
858796
858797
858798
858799
858800
858801
858802
858803
858804
858805
858806
858807
858808
858809
858810
858811
858812
858813
858814
858815
858816
858817
858818
858819
858820
858821
858822
858823
858824
858825
858826
858827
858828
858829
858830
858831
858832
858833
858834
858835
858836
858837
858838
858839
858840
858841
858842
858843
858844
858845
858846
858847
858848
858849
858850
858851
858852
858853
858854
858855
858856
858857
858858
858859
858860
858861
858862
858863
858864
858865
858866
858867
858868
858869
858870
858871
858872
858873
858874
858875
858876
858877
858878
858879
858880
858881
858882
858883
858884
858885
858886
858887
858888
858889
858890
858891
858892
858893
858894
858895
858896
858897
858898
858899
858900
858901
858902
858903
858904
858905
858906
858907
858908
858909
858910
858911
858912
858913
858914
858915
858916
858917
858918
858919
858920
858921
858922
858923
858924
858925
858926
858927
858928
858929
858930
858931
858932
858933
858934
858935
858936
858937
858938
858939
858940
858941
858942
858943
858944
858945
858946
858947
858948
858949
858950
858951
858952
858953
858954
858955
858956
858957
858958
858959
858960
858961
858962
858963
858964
858965
858966
858967
858968
858969
858970
858971
858972
858973
858974
858975
858976
858977
858978
858979
858980
858981
858982
858983
858984
858985
858986
858987
858988
858989
858990
858991
858992
858993
858994
858995
858996
858997
858998
858999
859000
859001
859002
859003
859004
859005
859006
859007
859008
859009
859010
859011
859012
859013
859014
859015
859016
859017
859018
859019
859020
859021
859022
859023
859024
859025
859026
859027
859028
859029
859030
859031
859032
859033
859034
859035
859036
859037
859038
859039
859040
859041
859042
859043
859044
859045
859046
859047
859048
859049
859050
859051
859052
859053
859054
859055
859056
859057
859058
859059
859060
859061
859062
859063
859064
859065
859066
859067
859068
859069
859070
859071
859072
859073
859074
859075
859076
859077
859078
859079
859080
859081
859082
859083
859084
859085
859086
859087
859088
859089
859090
859091
859092
859093
859094
859095
859096
859097
859098
859099
859100
859101
859102
859103
859104
859105
859106
859107
859108
859109
859110
859111
859112
859113
859114
859115
859116
859117
859118
859119
859120
859121
859122
859123
859124
859125
859126
859127
859128
859129
859130
859131
859132
859133
859134
859135
859136
859137
859138
859139
859140
859141
859142
859143
859144
859145
859146
859147
859148
859149
859150
859151
859152
859153
859154
859155
859156
859157
859158
859159
859160
859161
859162
859163
859164
859165
859166
859167
859168
859169
859170
859171
859172
859173
859174
859175
859176
859177
859178
859179
859180
859181
859182
859183
859184
859185
859186
859187
859188
859189
859190
859191
859192
859193
859194
859195
859196
859197
859198
859199
859200
859201
859202
859203
859204
859205
859206
859207
859208
859209
859210
859211
859212
859213
859214
859215
859216
859217
859218
859219
859220
859221
859222
859223
859224
859225
859226
859227
859228
859229
859230
859231
859232
859233
859234
859235
859236
859237
859238
859239
859240
859241
859242
859243
859244
859245
859246
859247
859248
859249
859250
859251
859252
859253
859254
859255
859256
859257
859258
859259
859260
859261
859262
859263
859264
859265
859266
859267
859268
859269
859270
859271
859272
859273
859274
859275
859276
859277
859278
859279
859280
859281
859282
859283
859284
859285
859286
859287
859288
859289
859290
859291
859292
859293
859294
859295
859296
859297
859298
859299
859300
859301
859302
859303
859304
859305
859306
859307
859308
859309
859310
859311
859312
859313
859314
859315
859316
859317
859318
859319
859320
859321
859322
859323
859324
859325
859326
859327
859328
859329
859330
859331
859332
859333
859334
859335
859336
859337
859338
859339
859340
859341
859342
859343
859344
859345
859346
859347
859348
859349
859350
859351
859352
859353
859354
859355
859356
859357
859358
859359
859360
859361
859362
859363
859364
859365
859366
859367
859368
859369
859370
859371
859372
859373
859374
859375
859376
859377
859378
859379
859380
859381
859382
859383
859384
859385
859386
859387
859388
859389
859390
859391
859392
859393
859394
859395
859396
859397
859398
859399
859400
859401
859402
859403
859404
859405
859406
859407
859408
859409
859410
859411
859412
859413
859414
859415
859416
859417
859418
859419
859420
859421
859422
859423
859424
859425
859426
859427
859428
859429
859430
859431
859432
859433
859434
859435
859436
859437
859438
859439
859440
859441
859442
859443
859444
859445
859446
859447
859448
859449
859450
859451
859452
859453
859454
859455
859456
859457
859458
859459
859460
859461
859462
859463
859464
859465
859466
859467
859468
859469
859470
859471
859472
859473
859474
859475
859476
859477
859478
859479
859480
859481
859482
859483
859484
859485
859486
859487
859488
859489
859490
859491
859492
859493
859494
859495
859496
859497
859498
859499
859500
859501
859502
859503
859504
859505
859506
859507
859508
859509
859510
859511
859512
859513
859514
859515
859516
859517
859518
859519
859520
859521
859522
859523
859524
859525
859526
859527
859528
859529
859530
859531
859532
859533
859534
859535
859536
859537
859538
859539
859540
859541
859542
859543
859544
859545
859546
859547
859548
859549
859550
859551
859552
859553
859554
859555
859556
859557
859558
859559
859560
859561
859562
859563
859564
859565
859566
859567
859568
859569
859570
859571
859572
859573
859574
859575
859576
859577
859578
859579
859580
859581
859582
859583
859584
859585
859586
859587
859588
859589
859590
859591
859592
859593
859594
859595
859596
859597
859598
859599
859600
859601
859602
859603
859604
859605
859606
859607
859608
859609
859610
859611
859612
859613
859614
859615
859616
859617
859618
859619
859620
859621
859622
859623
859624
859625
859626
859627
859628
859629
859630
859631
859632
859633
859634
859635
859636
859637
859638
859639
859640
859641
859642
859643
859644
859645
859646
859647
859648
859649
859650
859651
859652
859653
859654
859655
859656
859657
859658
859659
859660
859661
859662
859663
859664
859665
859666
859667
859668
859669
859670
859671
859672
859673
859674
859675
859676
859677
859678
859679
859680
859681
859682
859683
859684
859685
859686
859687
859688
859689
859690
859691
859692
859693
859694
859695
859696
859697
859698
859699
859700
859701
859702
859703
859704
859705
859706
859707
859708
859709
859710
859711
859712
859713
859714
859715
859716
859717
859718
859719
859720
859721
859722
859723
859724
859725
859726
859727
859728
859729
859730
859731
859732
859733
859734
859735
859736
859737
859738
859739
859740
859741
859742
859743
859744
859745
859746
859747
859748
859749
859750
859751
859752
859753
859754
859755
859756
859757
859758
859759
859760
859761
859762
859763
859764
859765
859766
859767
859768
859769
859770
859771
859772
859773
859774
859775
859776
859777
859778
859779
859780
859781
859782
859783
859784
859785
859786
859787
859788
859789
859790
859791
859792
859793
859794
859795
859796
859797
859798
859799
859800
859801
859802
859803
859804
859805
859806
859807
859808
859809
859810
859811
859812
859813
859814
859815
859816
859817
859818
859819
859820
859821
859822
859823
859824
859825
859826
859827
859828
859829
859830
859831
859832
859833
859834
859835
859836
859837
859838
859839
859840
859841
859842
859843
859844
859845
859846
859847
859848
859849
859850
859851
859852
859853
859854
859855
859856
859857
859858
859859
859860
859861
859862
859863
859864
859865
859866
859867
859868
859869
859870
859871
859872
859873
859874
859875
859876
859877
859878
859879
859880
859881
859882
859883
859884
859885
859886
859887
859888
859889
859890
859891
859892
859893
859894
859895
859896
859897
859898
859899
859900
859901
859902
859903
859904
859905
859906
859907
859908
859909
859910
859911
859912
859913
859914
859915
859916
859917
859918
859919
859920
859921
859922
859923
859924
859925
859926
859927
859928
859929
859930
859931
859932
859933
859934
859935
859936
859937
859938
859939
859940
859941
859942
859943
859944
859945
859946
859947
859948
859949
859950
859951
859952
859953
859954
859955
859956
859957
859958
859959
859960
859961
859962
859963
859964
859965
859966
859967
859968
859969
859970
859971
859972
859973
859974
859975
859976
859977
859978
859979
859980
859981
859982
859983
859984
859985
859986
859987
859988
859989
859990
859991
859992
859993
859994
859995
859996
859997
859998
859999
860000
860001
860002
860003
860004
860005
860006
860007
860008
860009
860010
860011
860012
860013
860014
860015
860016
860017
860018
860019
860020
860021
860022
860023
860024
860025
860026
860027
860028
860029
860030
860031
860032
860033
860034
860035
860036
860037
860038
860039
860040
860041
860042
860043
860044
860045
860046
860047
860048
860049
860050
860051
860052
860053
860054
860055
860056
860057
860058
860059
860060
860061
860062
860063
860064
860065
860066
860067
860068
860069
860070
860071
860072
860073
860074
860075
860076
860077
860078
860079
860080
860081
860082
860083
860084
860085
860086
860087
860088
860089
860090
860091
860092
860093
860094
860095
860096
860097
860098
860099
860100
860101
860102
860103
860104
860105
860106
860107
860108
860109
860110
860111
860112
860113
860114
860115
860116
860117
860118
860119
860120
860121
860122
860123
860124
860125
860126
860127
860128
860129
860130
860131
860132
860133
860134
860135
860136
860137
860138
860139
860140
860141
860142
860143
860144
860145
860146
860147
860148
860149
860150
860151
860152
860153
860154
860155
860156
860157
860158
860159
860160
860161
860162
860163
860164
860165
860166
860167
860168
860169
860170
860171
860172
860173
860174
860175
860176
860177
860178
860179
860180
860181
860182
860183
860184
860185
860186
860187
860188
860189
860190
860191
860192
860193
860194
860195
860196
860197
860198
860199
860200
860201
860202
860203
860204
860205
860206
860207
860208
860209
860210
860211
860212
860213
860214
860215
860216
860217
860218
860219
860220
860221
860222
860223
860224
860225
860226
860227
860228
860229
860230
860231
860232
860233
860234
860235
860236
860237
860238
860239
860240
860241
860242
860243
860244
860245
860246
860247
860248
860249
860250
860251
860252
860253
860254
860255
860256
860257
860258
860259
860260
860261
860262
860263
860264
860265
860266
860267
860268
860269
860270
860271
860272
860273
860274
860275
860276
860277
860278
860279
860280
860281
860282
860283
860284
860285
860286
860287
860288
860289
860290
860291
860292
860293
860294
860295
860296
860297
860298
860299
860300
860301
860302
860303
860304
860305
860306
860307
860308
860309
860310
860311
860312
860313
860314
860315
860316
860317
860318
860319
860320
860321
860322
860323
860324
860325
860326
860327
860328
860329
860330
860331
860332
860333
860334
860335
860336
860337
860338
860339
860340
860341
860342
860343
860344
860345
860346
860347
860348
860349
860350
860351
860352
860353
860354
860355
860356
860357
860358
860359
860360
860361
860362
860363
860364
860365
860366
860367
860368
860369
860370
860371
860372
860373
860374
860375
860376
860377
860378
860379
860380
860381
860382
860383
860384
860385
860386
860387
860388
860389
860390
860391
860392
860393
860394
860395
860396
860397
860398
860399
860400
860401
860402
860403
860404
860405
860406
860407
860408
860409
860410
860411
860412
860413
860414
860415
860416
860417
860418
860419
860420
860421
860422
860423
860424
860425
860426
860427
860428
860429
860430
860431
860432
860433
860434
860435
860436
860437
860438
860439
860440
860441
860442
860443
860444
860445
860446
860447
860448
860449
860450
860451
860452
860453
860454
860455
860456
860457
860458
860459
860460
860461
860462
860463
860464
860465
860466
860467
860468
860469
860470
860471
860472
860473
860474
860475
860476
860477
860478
860479
860480
860481
860482
860483
860484
860485
860486
860487
860488
860489
860490
860491
860492
860493
860494
860495
860496
860497
860498
860499
860500
860501
860502
860503
860504
860505
860506
860507
860508
860509
860510
860511
860512
860513
860514
860515
860516
860517
860518
860519
860520
860521
860522
860523
860524
860525
860526
860527
860528
860529
860530
860531
860532
860533
860534
860535
860536
860537
860538
860539
860540
860541
860542
860543
860544
860545
860546
860547
860548
860549
860550
860551
860552
860553
860554
860555
860556
860557
860558
860559
860560
860561
860562
860563
860564
860565
860566
860567
860568
860569
860570
860571
860572
860573
860574
860575
860576
860577
860578
860579
860580
860581
860582
860583
860584
860585
860586
860587
860588
860589
860590
860591
860592
860593
860594
860595
860596
860597
860598
860599
860600
860601
860602
860603
860604
860605
860606
860607
860608
860609
860610
860611
860612
860613
860614
860615
860616
860617
860618
860619
860620
860621
860622
860623
860624
860625
860626
860627
860628
860629
860630
860631
860632
860633
860634
860635
860636
860637
860638
860639
860640
860641
860642
860643
860644
860645
860646
860647
860648
860649
860650
860651
860652
860653
860654
860655
860656
860657
860658
860659
860660
860661
860662
860663
860664
860665
860666
860667
860668
860669
860670
860671
860672
860673
860674
860675
860676
860677
860678
860679
860680
860681
860682
860683
860684
860685
860686
860687
860688
860689
860690
860691
860692
860693
860694
860695
860696
860697
860698
860699
860700
860701
860702
860703
860704
860705
860706
860707
860708
860709
860710
860711
860712
860713
860714
860715
860716
860717
860718
860719
860720
860721
860722
860723
860724
860725
860726
860727
860728
860729
860730
860731
860732
860733
860734
860735
860736
860737
860738
860739
860740
860741
860742
860743
860744
860745
860746
860747
860748
860749
860750
860751
860752
860753
860754
860755
860756
860757
860758
860759
860760
860761
860762
860763
860764
860765
860766
860767
860768
860769
860770
860771
860772
860773
860774
860775
860776
860777
860778
860779
860780
860781
860782
860783
860784
860785
860786
860787
860788
860789
860790
860791
860792
860793
860794
860795
860796
860797
860798
860799
860800
860801
860802
860803
860804
860805
860806
860807
860808
860809
860810
860811
860812
860813
860814
860815
860816
860817
860818
860819
860820
860821
860822
860823
860824
860825
860826
860827
860828
860829
860830
860831
860832
860833
860834
860835
860836
860837
860838
860839
860840
860841
860842
860843
860844
860845
860846
860847
860848
860849
860850
860851
860852
860853
860854
860855
860856
860857
860858
860859
860860
860861
860862
860863
860864
860865
860866
860867
860868
860869
860870
860871
860872
860873
860874
860875
860876
860877
860878
860879
860880
860881
860882
860883
860884
860885
860886
860887
860888
860889
860890
860891
860892
860893
860894
860895
860896
860897
860898
860899
860900
860901
860902
860903
860904
860905
860906
860907
860908
860909
860910
860911
860912
860913
860914
860915
860916
860917
860918
860919
860920
860921
860922
860923
860924
860925
860926
860927
860928
860929
860930
860931
860932
860933
860934
860935
860936
860937
860938
860939
860940
860941
860942
860943
860944
860945
860946
860947
860948
860949
860950
860951
860952
860953
860954
860955
860956
860957
860958
860959
860960
860961
860962
860963
860964
860965
860966
860967
860968
860969
860970
860971
860972
860973
860974
860975
860976
860977
860978
860979
860980
860981
860982
860983
860984
860985
860986
860987
860988
860989
860990
860991
860992
860993
860994
860995
860996
860997
860998
860999
861000
861001
861002
861003
861004
861005
861006
861007
861008
861009
861010
861011
861012
861013
861014
861015
861016
861017
861018
861019
861020
861021
861022
861023
861024
861025
861026
861027
861028
861029
861030
861031
861032
861033
861034
861035
861036
861037
861038
861039
861040
861041
861042
861043
861044
861045
861046
861047
861048
861049
861050
861051
861052
861053
861054
861055
861056
861057
861058
861059
861060
861061
861062
861063
861064
861065
861066
861067
861068
861069
861070
861071
861072
861073
861074
861075
861076
861077
861078
861079
861080
861081
861082
861083
861084
861085
861086
861087
861088
861089
861090
861091
861092
861093
861094
861095
861096
861097
861098
861099
861100
861101
861102
861103
861104
861105
861106
861107
861108
861109
861110
861111
861112
861113
861114
861115
861116
861117
861118
861119
861120
861121
861122
861123
861124
861125
861126
861127
861128
861129
861130
861131
861132
861133
861134
861135
861136
861137
861138
861139
861140
861141
861142
861143
861144
861145
861146
861147
861148
861149
861150
861151
861152
861153
861154
861155
861156
861157
861158
861159
861160
861161
861162
861163
861164
861165
861166
861167
861168
861169
861170
861171
861172
861173
861174
861175
861176
861177
861178
861179
861180
861181
861182
861183
861184
861185
861186
861187
861188
861189
861190
861191
861192
861193
861194
861195
861196
861197
861198
861199
861200
861201
861202
861203
861204
861205
861206
861207
861208
861209
861210
861211
861212
861213
861214
861215
861216
861217
861218
861219
861220
861221
861222
861223
861224
861225
861226
861227
861228
861229
861230
861231
861232
861233
861234
861235
861236
861237
861238
861239
861240
861241
861242
861243
861244
861245
861246
861247
861248
861249
861250
861251
861252
861253
861254
861255
861256
861257
861258
861259
861260
861261
861262
861263
861264
861265
861266
861267
861268
861269
861270
861271
861272
861273
861274
861275
861276
861277
861278
861279
861280
861281
861282
861283
861284
861285
861286
861287
861288
861289
861290
861291
861292
861293
861294
861295
861296
861297
861298
861299
861300
861301
861302
861303
861304
861305
861306
861307
861308
861309
861310
861311
861312
861313
861314
861315
861316
861317
861318
861319
861320
861321
861322
861323
861324
861325
861326
861327
861328
861329
861330
861331
861332
861333
861334
861335
861336
861337
861338
861339
861340
861341
861342
861343
861344
861345
861346
861347
861348
861349
861350
861351
861352
861353
861354
861355
861356
861357
861358
861359
861360
861361
861362
861363
861364
861365
861366
861367
861368
861369
861370
861371
861372
861373
861374
861375
861376
861377
861378
861379
861380
861381
861382
861383
861384
861385
861386
861387
861388
861389
861390
861391
861392
861393
861394
861395
861396
861397
861398
861399
861400
861401
861402
861403
861404
861405
861406
861407
861408
861409
861410
861411
861412
861413
861414
861415
861416
861417
861418
861419
861420
861421
861422
861423
861424
861425
861426
861427
861428
861429
861430
861431
861432
861433
861434
861435
861436
861437
861438
861439
861440
861441
861442
861443
861444
861445
861446
861447
861448
861449
861450
861451
861452
861453
861454
861455
861456
861457
861458
861459
861460
861461
861462
861463
861464
861465
861466
861467
861468
861469
861470
861471
861472
861473
861474
861475
861476
861477
861478
861479
861480
861481
861482
861483
861484
861485
861486
861487
861488
861489
861490
861491
861492
861493
861494
861495
861496
861497
861498
861499
861500
861501
861502
861503
861504
861505
861506
861507
861508
861509
861510
861511
861512
861513
861514
861515
861516
861517
861518
861519
861520
861521
861522
861523
861524
861525
861526
861527
861528
861529
861530
861531
861532
861533
861534
861535
861536
861537
861538
861539
861540
861541
861542
861543
861544
861545
861546
861547
861548
861549
861550
861551
861552
861553
861554
861555
861556
861557
861558
861559
861560
861561
861562
861563
861564
861565
861566
861567
861568
861569
861570
861571
861572
861573
861574
861575
861576
861577
861578
861579
861580
861581
861582
861583
861584
861585
861586
861587
861588
861589
861590
861591
861592
861593
861594
861595
861596
861597
861598
861599
861600
861601
861602
861603
861604
861605
861606
861607
861608
861609
861610
861611
861612
861613
861614
861615
861616
861617
861618
861619
861620
861621
861622
861623
861624
861625
861626
861627
861628
861629
861630
861631
861632
861633
861634
861635
861636
861637
861638
861639
861640
861641
861642
861643
861644
861645
861646
861647
861648
861649
861650
861651
861652
861653
861654
861655
861656
861657
861658
861659
861660
861661
861662
861663
861664
861665
861666
861667
861668
861669
861670
861671
861672
861673
861674
861675
861676
861677
861678
861679
861680
861681
861682
861683
861684
861685
861686
861687
861688
861689
861690
861691
861692
861693
861694
861695
861696
861697
861698
861699
861700
861701
861702
861703
861704
861705
861706
861707
861708
861709
861710
861711
861712
861713
861714
861715
861716
861717
861718
861719
861720
861721
861722
861723
861724
861725
861726
861727
861728
861729
861730
861731
861732
861733
861734
861735
861736
861737
861738
861739
861740
861741
861742
861743
861744
861745
861746
861747
861748
861749
861750
861751
861752
861753
861754
861755
861756
861757
861758
861759
861760
861761
861762
861763
861764
861765
861766
861767
861768
861769
861770
861771
861772
861773
861774
861775
861776
861777
861778
861779
861780
861781
861782
861783
861784
861785
861786
861787
861788
861789
861790
861791
861792
861793
861794
861795
861796
861797
861798
861799
861800
861801
861802
861803
861804
861805
861806
861807
861808
861809
861810
861811
861812
861813
861814
861815
861816
861817
861818
861819
861820
861821
861822
861823
861824
861825
861826
861827
861828
861829
861830
861831
861832
861833
861834
861835
861836
861837
861838
861839
861840
861841
861842
861843
861844
861845
861846
861847
861848
861849
861850
861851
861852
861853
861854
861855
861856
861857
861858
861859
861860
861861
861862
861863
861864
861865
861866
861867
861868
861869
861870
861871
861872
861873
861874
861875
861876
861877
861878
861879
861880
861881
861882
861883
861884
861885
861886
861887
861888
861889
861890
861891
861892
861893
861894
861895
861896
861897
861898
861899
861900
861901
861902
861903
861904
861905
861906
861907
861908
861909
861910
861911
861912
861913
861914
861915
861916
861917
861918
861919
861920
861921
861922
861923
861924
861925
861926
861927
861928
861929
861930
861931
861932
861933
861934
861935
861936
861937
861938
861939
861940
861941
861942
861943
861944
861945
861946
861947
861948
861949
861950
861951
861952
861953
861954
861955
861956
861957
861958
861959
861960
861961
861962
861963
861964
861965
861966
861967
861968
861969
861970
861971
861972
861973
861974
861975
861976
861977
861978
861979
861980
861981
861982
861983
861984
861985
861986
861987
861988
861989
861990
861991
861992
861993
861994
861995
861996
861997
861998
861999
862000
862001
862002
862003
862004
862005
862006
862007
862008
862009
862010
862011
862012
862013
862014
862015
862016
862017
862018
862019
862020
862021
862022
862023
862024
862025
862026
862027
862028
862029
862030
862031
862032
862033
862034
862035
862036
862037
862038
862039
862040
862041
862042
862043
862044
862045
862046
862047
862048
862049
862050
862051
862052
862053
862054
862055
862056
862057
862058
862059
862060
862061
862062
862063
862064
862065
862066
862067
862068
862069
862070
862071
862072
862073
862074
862075
862076
862077
862078
862079
862080
862081
862082
862083
862084
862085
862086
862087
862088
862089
862090
862091
862092
862093
862094
862095
862096
862097
862098
862099
862100
862101
862102
862103
862104
862105
862106
862107
862108
862109
862110
862111
862112
862113
862114
862115
862116
862117
862118
862119
862120
862121
862122
862123
862124
862125
862126
862127
862128
862129
862130
862131
862132
862133
862134
862135
862136
862137
862138
862139
862140
862141
862142
862143
862144
862145
862146
862147
862148
862149
862150
862151
862152
862153
862154
862155
862156
862157
862158
862159
862160
862161
862162
862163
862164
862165
862166
862167
862168
862169
862170
862171
862172
862173
862174
862175
862176
862177
862178
862179
862180
862181
862182
862183
862184
862185
862186
862187
862188
862189
862190
862191
862192
862193
862194
862195
862196
862197
862198
862199
862200
862201
862202
862203
862204
862205
862206
862207
862208
862209
862210
862211
862212
862213
862214
862215
862216
862217
862218
862219
862220
862221
862222
862223
862224
862225
862226
862227
862228
862229
862230
862231
862232
862233
862234
862235
862236
862237
862238
862239
862240
862241
862242
862243
862244
862245
862246
862247
862248
862249
862250
862251
862252
862253
862254
862255
862256
862257
862258
862259
862260
862261
862262
862263
862264
862265
862266
862267
862268
862269
862270
862271
862272
862273
862274
862275
862276
862277
862278
862279
862280
862281
862282
862283
862284
862285
862286
862287
862288
862289
862290
862291
862292
862293
862294
862295
862296
862297
862298
862299
862300
862301
862302
862303
862304
862305
862306
862307
862308
862309
862310
862311
862312
862313
862314
862315
862316
862317
862318
862319
862320
862321
862322
862323
862324
862325
862326
862327
862328
862329
862330
862331
862332
862333
862334
862335
862336
862337
862338
862339
862340
862341
862342
862343
862344
862345
862346
862347
862348
862349
862350
862351
862352
862353
862354
862355
862356
862357
862358
862359
862360
862361
862362
862363
862364
862365
862366
862367
862368
862369
862370
862371
862372
862373
862374
862375
862376
862377
862378
862379
862380
862381
862382
862383
862384
862385
862386
862387
862388
862389
862390
862391
862392
862393
862394
862395
862396
862397
862398
862399
862400
862401
862402
862403
862404
862405
862406
862407
862408
862409
862410
862411
862412
862413
862414
862415
862416
862417
862418
862419
862420
862421
862422
862423
862424
862425
862426
862427
862428
862429
862430
862431
862432
862433
862434
862435
862436
862437
862438
862439
862440
862441
862442
862443
862444
862445
862446
862447
862448
862449
862450
862451
862452
862453
862454
862455
862456
862457
862458
862459
862460
862461
862462
862463
862464
862465
862466
862467
862468
862469
862470
862471
862472
862473
862474
862475
862476
862477
862478
862479
862480
862481
862482
862483
862484
862485
862486
862487
862488
862489
862490
862491
862492
862493
862494
862495
862496
862497
862498
862499
862500
862501
862502
862503
862504
862505
862506
862507
862508
862509
862510
862511
862512
862513
862514
862515
862516
862517
862518
862519
862520
862521
862522
862523
862524
862525
862526
862527
862528
862529
862530
862531
862532
862533
862534
862535
862536
862537
862538
862539
862540
862541
862542
862543
862544
862545
862546
862547
862548
862549
862550
862551
862552
862553
862554
862555
862556
862557
862558
862559
862560
862561
862562
862563
862564
862565
862566
862567
862568
862569
862570
862571
862572
862573
862574
862575
862576
862577
862578
862579
862580
862581
862582
862583
862584
862585
862586
862587
862588
862589
862590
862591
862592
862593
862594
862595
862596
862597
862598
862599
862600
862601
862602
862603
862604
862605
862606
862607
862608
862609
862610
862611
862612
862613
862614
862615
862616
862617
862618
862619
862620
862621
862622
862623
862624
862625
862626
862627
862628
862629
862630
862631
862632
862633
862634
862635
862636
862637
862638
862639
862640
862641
862642
862643
862644
862645
862646
862647
862648
862649
862650
862651
862652
862653
862654
862655
862656
862657
862658
862659
862660
862661
862662
862663
862664
862665
862666
862667
862668
862669
862670
862671
862672
862673
862674
862675
862676
862677
862678
862679
862680
862681
862682
862683
862684
862685
862686
862687
862688
862689
862690
862691
862692
862693
862694
862695
862696
862697
862698
862699
862700
862701
862702
862703
862704
862705
862706
862707
862708
862709
862710
862711
862712
862713
862714
862715
862716
862717
862718
862719
862720
862721
862722
862723
862724
862725
862726
862727
862728
862729
862730
862731
862732
862733
862734
862735
862736
862737
862738
862739
862740
862741
862742
862743
862744
862745
862746
862747
862748
862749
862750
862751
862752
862753
862754
862755
862756
862757
862758
862759
862760
862761
862762
862763
862764
862765
862766
862767
862768
862769
862770
862771
862772
862773
862774
862775
862776
862777
862778
862779
862780
862781
862782
862783
862784
862785
862786
862787
862788
862789
862790
862791
862792
862793
862794
862795
862796
862797
862798
862799
862800
862801
862802
862803
862804
862805
862806
862807
862808
862809
862810
862811
862812
862813
862814
862815
862816
862817
862818
862819
862820
862821
862822
862823
862824
862825
862826
862827
862828
862829
862830
862831
862832
862833
862834
862835
862836
862837
862838
862839
862840
862841
862842
862843
862844
862845
862846
862847
862848
862849
862850
862851
862852
862853
862854
862855
862856
862857
862858
862859
862860
862861
862862
862863
862864
862865
862866
862867
862868
862869
862870
862871
862872
862873
862874
862875
862876
862877
862878
862879
862880
862881
862882
862883
862884
862885
862886
862887
862888
862889
862890
862891
862892
862893
862894
862895
862896
862897
862898
862899
862900
862901
862902
862903
862904
862905
862906
862907
862908
862909
862910
862911
862912
862913
862914
862915
862916
862917
862918
862919
862920
862921
862922
862923
862924
862925
862926
862927
862928
862929
862930
862931
862932
862933
862934
862935
862936
862937
862938
862939
862940
862941
862942
862943
862944
862945
862946
862947
862948
862949
862950
862951
862952
862953
862954
862955
862956
862957
862958
862959
862960
862961
862962
862963
862964
862965
862966
862967
862968
862969
862970
862971
862972
862973
862974
862975
862976
862977
862978
862979
862980
862981
862982
862983
862984
862985
862986
862987
862988
862989
862990
862991
862992
862993
862994
862995
862996
862997
862998
862999
863000
863001
863002
863003
863004
863005
863006
863007
863008
863009
863010
863011
863012
863013
863014
863015
863016
863017
863018
863019
863020
863021
863022
863023
863024
863025
863026
863027
863028
863029
863030
863031
863032
863033
863034
863035
863036
863037
863038
863039
863040
863041
863042
863043
863044
863045
863046
863047
863048
863049
863050
863051
863052
863053
863054
863055
863056
863057
863058
863059
863060
863061
863062
863063
863064
863065
863066
863067
863068
863069
863070
863071
863072
863073
863074
863075
863076
863077
863078
863079
863080
863081
863082
863083
863084
863085
863086
863087
863088
863089
863090
863091
863092
863093
863094
863095
863096
863097
863098
863099
863100
863101
863102
863103
863104
863105
863106
863107
863108
863109
863110
863111
863112
863113
863114
863115
863116
863117
863118
863119
863120
863121
863122
863123
863124
863125
863126
863127
863128
863129
863130
863131
863132
863133
863134
863135
863136
863137
863138
863139
863140
863141
863142
863143
863144
863145
863146
863147
863148
863149
863150
863151
863152
863153
863154
863155
863156
863157
863158
863159
863160
863161
863162
863163
863164
863165
863166
863167
863168
863169
863170
863171
863172
863173
863174
863175
863176
863177
863178
863179
863180
863181
863182
863183
863184
863185
863186
863187
863188
863189
863190
863191
863192
863193
863194
863195
863196
863197
863198
863199
863200
863201
863202
863203
863204
863205
863206
863207
863208
863209
863210
863211
863212
863213
863214
863215
863216
863217
863218
863219
863220
863221
863222
863223
863224
863225
863226
863227
863228
863229
863230
863231
863232
863233
863234
863235
863236
863237
863238
863239
863240
863241
863242
863243
863244
863245
863246
863247
863248
863249
863250
863251
863252
863253
863254
863255
863256
863257
863258
863259
863260
863261
863262
863263
863264
863265
863266
863267
863268
863269
863270
863271
863272
863273
863274
863275
863276
863277
863278
863279
863280
863281
863282
863283
863284
863285
863286
863287
863288
863289
863290
863291
863292
863293
863294
863295
863296
863297
863298
863299
863300
863301
863302
863303
863304
863305
863306
863307
863308
863309
863310
863311
863312
863313
863314
863315
863316
863317
863318
863319
863320
863321
863322
863323
863324
863325
863326
863327
863328
863329
863330
863331
863332
863333
863334
863335
863336
863337
863338
863339
863340
863341
863342
863343
863344
863345
863346
863347
863348
863349
863350
863351
863352
863353
863354
863355
863356
863357
863358
863359
863360
863361
863362
863363
863364
863365
863366
863367
863368
863369
863370
863371
863372
863373
863374
863375
863376
863377
863378
863379
863380
863381
863382
863383
863384
863385
863386
863387
863388
863389
863390
863391
863392
863393
863394
863395
863396
863397
863398
863399
863400
863401
863402
863403
863404
863405
863406
863407
863408
863409
863410
863411
863412
863413
863414
863415
863416
863417
863418
863419
863420
863421
863422
863423
863424
863425
863426
863427
863428
863429
863430
863431
863432
863433
863434
863435
863436
863437
863438
863439
863440
863441
863442
863443
863444
863445
863446
863447
863448
863449
863450
863451
863452
863453
863454
863455
863456
863457
863458
863459
863460
863461
863462
863463
863464
863465
863466
863467
863468
863469
863470
863471
863472
863473
863474
863475
863476
863477
863478
863479
863480
863481
863482
863483
863484
863485
863486
863487
863488
863489
863490
863491
863492
863493
863494
863495
863496
863497
863498
863499
863500
863501
863502
863503
863504
863505
863506
863507
863508
863509
863510
863511
863512
863513
863514
863515
863516
863517
863518
863519
863520
863521
863522
863523
863524
863525
863526
863527
863528
863529
863530
863531
863532
863533
863534
863535
863536
863537
863538
863539
863540
863541
863542
863543
863544
863545
863546
863547
863548
863549
863550
863551
863552
863553
863554
863555
863556
863557
863558
863559
863560
863561
863562
863563
863564
863565
863566
863567
863568
863569
863570
863571
863572
863573
863574
863575
863576
863577
863578
863579
863580
863581
863582
863583
863584
863585
863586
863587
863588
863589
863590
863591
863592
863593
863594
863595
863596
863597
863598
863599
863600
863601
863602
863603
863604
863605
863606
863607
863608
863609
863610
863611
863612
863613
863614
863615
863616
863617
863618
863619
863620
863621
863622
863623
863624
863625
863626
863627
863628
863629
863630
863631
863632
863633
863634
863635
863636
863637
863638
863639
863640
863641
863642
863643
863644
863645
863646
863647
863648
863649
863650
863651
863652
863653
863654
863655
863656
863657
863658
863659
863660
863661
863662
863663
863664
863665
863666
863667
863668
863669
863670
863671
863672
863673
863674
863675
863676
863677
863678
863679
863680
863681
863682
863683
863684
863685
863686
863687
863688
863689
863690
863691
863692
863693
863694
863695
863696
863697
863698
863699
863700
863701
863702
863703
863704
863705
863706
863707
863708
863709
863710
863711
863712
863713
863714
863715
863716
863717
863718
863719
863720
863721
863722
863723
863724
863725
863726
863727
863728
863729
863730
863731
863732
863733
863734
863735
863736
863737
863738
863739
863740
863741
863742
863743
863744
863745
863746
863747
863748
863749
863750
863751
863752
863753
863754
863755
863756
863757
863758
863759
863760
863761
863762
863763
863764
863765
863766
863767
863768
863769
863770
863771
863772
863773
863774
863775
863776
863777
863778
863779
863780
863781
863782
863783
863784
863785
863786
863787
863788
863789
863790
863791
863792
863793
863794
863795
863796
863797
863798
863799
863800
863801
863802
863803
863804
863805
863806
863807
863808
863809
863810
863811
863812
863813
863814
863815
863816
863817
863818
863819
863820
863821
863822
863823
863824
863825
863826
863827
863828
863829
863830
863831
863832
863833
863834
863835
863836
863837
863838
863839
863840
863841
863842
863843
863844
863845
863846
863847
863848
863849
863850
863851
863852
863853
863854
863855
863856
863857
863858
863859
863860
863861
863862
863863
863864
863865
863866
863867
863868
863869
863870
863871
863872
863873
863874
863875
863876
863877
863878
863879
863880
863881
863882
863883
863884
863885
863886
863887
863888
863889
863890
863891
863892
863893
863894
863895
863896
863897
863898
863899
863900
863901
863902
863903
863904
863905
863906
863907
863908
863909
863910
863911
863912
863913
863914
863915
863916
863917
863918
863919
863920
863921
863922
863923
863924
863925
863926
863927
863928
863929
863930
863931
863932
863933
863934
863935
863936
863937
863938
863939
863940
863941
863942
863943
863944
863945
863946
863947
863948
863949
863950
863951
863952
863953
863954
863955
863956
863957
863958
863959
863960
863961
863962
863963
863964
863965
863966
863967
863968
863969
863970
863971
863972
863973
863974
863975
863976
863977
863978
863979
863980
863981
863982
863983
863984
863985
863986
863987
863988
863989
863990
863991
863992
863993
863994
863995
863996
863997
863998
863999
864000
864001
864002
864003
864004
864005
864006
864007
864008
864009
864010
864011
864012
864013
864014
864015
864016
864017
864018
864019
864020
864021
864022
864023
864024
864025
864026
864027
864028
864029
864030
864031
864032
864033
864034
864035
864036
864037
864038
864039
864040
864041
864042
864043
864044
864045
864046
864047
864048
864049
864050
864051
864052
864053
864054
864055
864056
864057
864058
864059
864060
864061
864062
864063
864064
864065
864066
864067
864068
864069
864070
864071
864072
864073
864074
864075
864076
864077
864078
864079
864080
864081
864082
864083
864084
864085
864086
864087
864088
864089
864090
864091
864092
864093
864094
864095
864096
864097
864098
864099
864100
864101
864102
864103
864104
864105
864106
864107
864108
864109
864110
864111
864112
864113
864114
864115
864116
864117
864118
864119
864120
864121
864122
864123
864124
864125
864126
864127
864128
864129
864130
864131
864132
864133
864134
864135
864136
864137
864138
864139
864140
864141
864142
864143
864144
864145
864146
864147
864148
864149
864150
864151
864152
864153
864154
864155
864156
864157
864158
864159
864160
864161
864162
864163
864164
864165
864166
864167
864168
864169
864170
864171
864172
864173
864174
864175
864176
864177
864178
864179
864180
864181
864182
864183
864184
864185
864186
864187
864188
864189
864190
864191
864192
864193
864194
864195
864196
864197
864198
864199
864200
864201
864202
864203
864204
864205
864206
864207
864208
864209
864210
864211
864212
864213
864214
864215
864216
864217
864218
864219
864220
864221
864222
864223
864224
864225
864226
864227
864228
864229
864230
864231
864232
864233
864234
864235
864236
864237
864238
864239
864240
864241
864242
864243
864244
864245
864246
864247
864248
864249
864250
864251
864252
864253
864254
864255
864256
864257
864258
864259
864260
864261
864262
864263
864264
864265
864266
864267
864268
864269
864270
864271
864272
864273
864274
864275
864276
864277
864278
864279
864280
864281
864282
864283
864284
864285
864286
864287
864288
864289
864290
864291
864292
864293
864294
864295
864296
864297
864298
864299
864300
864301
864302
864303
864304
864305
864306
864307
864308
864309
864310
864311
864312
864313
864314
864315
864316
864317
864318
864319
864320
864321
864322
864323
864324
864325
864326
864327
864328
864329
864330
864331
864332
864333
864334
864335
864336
864337
864338
864339
864340
864341
864342
864343
864344
864345
864346
864347
864348
864349
864350
864351
864352
864353
864354
864355
864356
864357
864358
864359
864360
864361
864362
864363
864364
864365
864366
864367
864368
864369
864370
864371
864372
864373
864374
864375
864376
864377
864378
864379
864380
864381
864382
864383
864384
864385
864386
864387
864388
864389
864390
864391
864392
864393
864394
864395
864396
864397
864398
864399
864400
864401
864402
864403
864404
864405
864406
864407
864408
864409
864410
864411
864412
864413
864414
864415
864416
864417
864418
864419
864420
864421
864422
864423
864424
864425
864426
864427
864428
864429
864430
864431
864432
864433
864434
864435
864436
864437
864438
864439
864440
864441
864442
864443
864444
864445
864446
864447
864448
864449
864450
864451
864452
864453
864454
864455
864456
864457
864458
864459
864460
864461
864462
864463
864464
864465
864466
864467
864468
864469
864470
864471
864472
864473
864474
864475
864476
864477
864478
864479
864480
864481
864482
864483
864484
864485
864486
864487
864488
864489
864490
864491
864492
864493
864494
864495
864496
864497
864498
864499
864500
864501
864502
864503
864504
864505
864506
864507
864508
864509
864510
864511
864512
864513
864514
864515
864516
864517
864518
864519
864520
864521
864522
864523
864524
864525
864526
864527
864528
864529
864530
864531
864532
864533
864534
864535
864536
864537
864538
864539
864540
864541
864542
864543
864544
864545
864546
864547
864548
864549
864550
864551
864552
864553
864554
864555
864556
864557
864558
864559
864560
864561
864562
864563
864564
864565
864566
864567
864568
864569
864570
864571
864572
864573
864574
864575
864576
864577
864578
864579
864580
864581
864582
864583
864584
864585
864586
864587
864588
864589
864590
864591
864592
864593
864594
864595
864596
864597
864598
864599
864600
864601
864602
864603
864604
864605
864606
864607
864608
864609
864610
864611
864612
864613
864614
864615
864616
864617
864618
864619
864620
864621
864622
864623
864624
864625
864626
864627
864628
864629
864630
864631
864632
864633
864634
864635
864636
864637
864638
864639
864640
864641
864642
864643
864644
864645
864646
864647
864648
864649
864650
864651
864652
864653
864654
864655
864656
864657
864658
864659
864660
864661
864662
864663
864664
864665
864666
864667
864668
864669
864670
864671
864672
864673
864674
864675
864676
864677
864678
864679
864680
864681
864682
864683
864684
864685
864686
864687
864688
864689
864690
864691
864692
864693
864694
864695
864696
864697
864698
864699
864700
864701
864702
864703
864704
864705
864706
864707
864708
864709
864710
864711
864712
864713
864714
864715
864716
864717
864718
864719
864720
864721
864722
864723
864724
864725
864726
864727
864728
864729
864730
864731
864732
864733
864734
864735
864736
864737
864738
864739
864740
864741
864742
864743
864744
864745
864746
864747
864748
864749
864750
864751
864752
864753
864754
864755
864756
864757
864758
864759
864760
864761
864762
864763
864764
864765
864766
864767
864768
864769
864770
864771
864772
864773
864774
864775
864776
864777
864778
864779
864780
864781
864782
864783
864784
864785
864786
864787
864788
864789
864790
864791
864792
864793
864794
864795
864796
864797
864798
864799
864800
864801
864802
864803
864804
864805
864806
864807
864808
864809
864810
864811
864812
864813
864814
864815
864816
864817
864818
864819
864820
864821
864822
864823
864824
864825
864826
864827
864828
864829
864830
864831
864832
864833
864834
864835
864836
864837
864838
864839
864840
864841
864842
864843
864844
864845
864846
864847
864848
864849
864850
864851
864852
864853
864854
864855
864856
864857
864858
864859
864860
864861
864862
864863
864864
864865
864866
864867
864868
864869
864870
864871
864872
864873
864874
864875
864876
864877
864878
864879
864880
864881
864882
864883
864884
864885
864886
864887
864888
864889
864890
864891
864892
864893
864894
864895
864896
864897
864898
864899
864900
864901
864902
864903
864904
864905
864906
864907
864908
864909
864910
864911
864912
864913
864914
864915
864916
864917
864918
864919
864920
864921
864922
864923
864924
864925
864926
864927
864928
864929
864930
864931
864932
864933
864934
864935
864936
864937
864938
864939
864940
864941
864942
864943
864944
864945
864946
864947
864948
864949
864950
864951
864952
864953
864954
864955
864956
864957
864958
864959
864960
864961
864962
864963
864964
864965
864966
864967
864968
864969
864970
864971
864972
864973
864974
864975
864976
864977
864978
864979
864980
864981
864982
864983
864984
864985
864986
864987
864988
864989
864990
864991
864992
864993
864994
864995
864996
864997
864998
864999
865000
865001
865002
865003
865004
865005
865006
865007
865008
865009
865010
865011
865012
865013
865014
865015
865016
865017
865018
865019
865020
865021
865022
865023
865024
865025
865026
865027
865028
865029
865030
865031
865032
865033
865034
865035
865036
865037
865038
865039
865040
865041
865042
865043
865044
865045
865046
865047
865048
865049
865050
865051
865052
865053
865054
865055
865056
865057
865058
865059
865060
865061
865062
865063
865064
865065
865066
865067
865068
865069
865070
865071
865072
865073
865074
865075
865076
865077
865078
865079
865080
865081
865082
865083
865084
865085
865086
865087
865088
865089
865090
865091
865092
865093
865094
865095
865096
865097
865098
865099
865100
865101
865102
865103
865104
865105
865106
865107
865108
865109
865110
865111
865112
865113
865114
865115
865116
865117
865118
865119
865120
865121
865122
865123
865124
865125
865126
865127
865128
865129
865130
865131
865132
865133
865134
865135
865136
865137
865138
865139
865140
865141
865142
865143
865144
865145
865146
865147
865148
865149
865150
865151
865152
865153
865154
865155
865156
865157
865158
865159
865160
865161
865162
865163
865164
865165
865166
865167
865168
865169
865170
865171
865172
865173
865174
865175
865176
865177
865178
865179
865180
865181
865182
865183
865184
865185
865186
865187
865188
865189
865190
865191
865192
865193
865194
865195
865196
865197
865198
865199
865200
865201
865202
865203
865204
865205
865206
865207
865208
865209
865210
865211
865212
865213
865214
865215
865216
865217
865218
865219
865220
865221
865222
865223
865224
865225
865226
865227
865228
865229
865230
865231
865232
865233
865234
865235
865236
865237
865238
865239
865240
865241
865242
865243
865244
865245
865246
865247
865248
865249
865250
865251
865252
865253
865254
865255
865256
865257
865258
865259
865260
865261
865262
865263
865264
865265
865266
865267
865268
865269
865270
865271
865272
865273
865274
865275
865276
865277
865278
865279
865280
865281
865282
865283
865284
865285
865286
865287
865288
865289
865290
865291
865292
865293
865294
865295
865296
865297
865298
865299
865300
865301
865302
865303
865304
865305
865306
865307
865308
865309
865310
865311
865312
865313
865314
865315
865316
865317
865318
865319
865320
865321
865322
865323
865324
865325
865326
865327
865328
865329
865330
865331
865332
865333
865334
865335
865336
865337
865338
865339
865340
865341
865342
865343
865344
865345
865346
865347
865348
865349
865350
865351
865352
865353
865354
865355
865356
865357
865358
865359
865360
865361
865362
865363
865364
865365
865366
865367
865368
865369
865370
865371
865372
865373
865374
865375
865376
865377
865378
865379
865380
865381
865382
865383
865384
865385
865386
865387
865388
865389
865390
865391
865392
865393
865394
865395
865396
865397
865398
865399
865400
865401
865402
865403
865404
865405
865406
865407
865408
865409
865410
865411
865412
865413
865414
865415
865416
865417
865418
865419
865420
865421
865422
865423
865424
865425
865426
865427
865428
865429
865430
865431
865432
865433
865434
865435
865436
865437
865438
865439
865440
865441
865442
865443
865444
865445
865446
865447
865448
865449
865450
865451
865452
865453
865454
865455
865456
865457
865458
865459
865460
865461
865462
865463
865464
865465
865466
865467
865468
865469
865470
865471
865472
865473
865474
865475
865476
865477
865478
865479
865480
865481
865482
865483
865484
865485
865486
865487
865488
865489
865490
865491
865492
865493
865494
865495
865496
865497
865498
865499
865500
865501
865502
865503
865504
865505
865506
865507
865508
865509
865510
865511
865512
865513
865514
865515
865516
865517
865518
865519
865520
865521
865522
865523
865524
865525
865526
865527
865528
865529
865530
865531
865532
865533
865534
865535
865536
865537
865538
865539
865540
865541
865542
865543
865544
865545
865546
865547
865548
865549
865550
865551
865552
865553
865554
865555
865556
865557
865558
865559
865560
865561
865562
865563
865564
865565
865566
865567
865568
865569
865570
865571
865572
865573
865574
865575
865576
865577
865578
865579
865580
865581
865582
865583
865584
865585
865586
865587
865588
865589
865590
865591
865592
865593
865594
865595
865596
865597
865598
865599
865600
865601
865602
865603
865604
865605
865606
865607
865608
865609
865610
865611
865612
865613
865614
865615
865616
865617
865618
865619
865620
865621
865622
865623
865624
865625
865626
865627
865628
865629
865630
865631
865632
865633
865634
865635
865636
865637
865638
865639
865640
865641
865642
865643
865644
865645
865646
865647
865648
865649
865650
865651
865652
865653
865654
865655
865656
865657
865658
865659
865660
865661
865662
865663
865664
865665
865666
865667
865668
865669
865670
865671
865672
865673
865674
865675
865676
865677
865678
865679
865680
865681
865682
865683
865684
865685
865686
865687
865688
865689
865690
865691
865692
865693
865694
865695
865696
865697
865698
865699
865700
865701
865702
865703
865704
865705
865706
865707
865708
865709
865710
865711
865712
865713
865714
865715
865716
865717
865718
865719
865720
865721
865722
865723
865724
865725
865726
865727
865728
865729
865730
865731
865732
865733
865734
865735
865736
865737
865738
865739
865740
865741
865742
865743
865744
865745
865746
865747
865748
865749
865750
865751
865752
865753
865754
865755
865756
865757
865758
865759
865760
865761
865762
865763
865764
865765
865766
865767
865768
865769
865770
865771
865772
865773
865774
865775
865776
865777
865778
865779
865780
865781
865782
865783
865784
865785
865786
865787
865788
865789
865790
865791
865792
865793
865794
865795
865796
865797
865798
865799
865800
865801
865802
865803
865804
865805
865806
865807
865808
865809
865810
865811
865812
865813
865814
865815
865816
865817
865818
865819
865820
865821
865822
865823
865824
865825
865826
865827
865828
865829
865830
865831
865832
865833
865834
865835
865836
865837
865838
865839
865840
865841
865842
865843
865844
865845
865846
865847
865848
865849
865850
865851
865852
865853
865854
865855
865856
865857
865858
865859
865860
865861
865862
865863
865864
865865
865866
865867
865868
865869
865870
865871
865872
865873
865874
865875
865876
865877
865878
865879
865880
865881
865882
865883
865884
865885
865886
865887
865888
865889
865890
865891
865892
865893
865894
865895
865896
865897
865898
865899
865900
865901
865902
865903
865904
865905
865906
865907
865908
865909
865910
865911
865912
865913
865914
865915
865916
865917
865918
865919
865920
865921
865922
865923
865924
865925
865926
865927
865928
865929
865930
865931
865932
865933
865934
865935
865936
865937
865938
865939
865940
865941
865942
865943
865944
865945
865946
865947
865948
865949
865950
865951
865952
865953
865954
865955
865956
865957
865958
865959
865960
865961
865962
865963
865964
865965
865966
865967
865968
865969
865970
865971
865972
865973
865974
865975
865976
865977
865978
865979
865980
865981
865982
865983
865984
865985
865986
865987
865988
865989
865990
865991
865992
865993
865994
865995
865996
865997
865998
865999
866000
866001
866002
866003
866004
866005
866006
866007
866008
866009
866010
866011
866012
866013
866014
866015
866016
866017
866018
866019
866020
866021
866022
866023
866024
866025
866026
866027
866028
866029
866030
866031
866032
866033
866034
866035
866036
866037
866038
866039
866040
866041
866042
866043
866044
866045
866046
866047
866048
866049
866050
866051
866052
866053
866054
866055
866056
866057
866058
866059
866060
866061
866062
866063
866064
866065
866066
866067
866068
866069
866070
866071
866072
866073
866074
866075
866076
866077
866078
866079
866080
866081
866082
866083
866084
866085
866086
866087
866088
866089
866090
866091
866092
866093
866094
866095
866096
866097
866098
866099
866100
866101
866102
866103
866104
866105
866106
866107
866108
866109
866110
866111
866112
866113
866114
866115
866116
866117
866118
866119
866120
866121
866122
866123
866124
866125
866126
866127
866128
866129
866130
866131
866132
866133
866134
866135
866136
866137
866138
866139
866140
866141
866142
866143
866144
866145
866146
866147
866148
866149
866150
866151
866152
866153
866154
866155
866156
866157
866158
866159
866160
866161
866162
866163
866164
866165
866166
866167
866168
866169
866170
866171
866172
866173
866174
866175
866176
866177
866178
866179
866180
866181
866182
866183
866184
866185
866186
866187
866188
866189
866190
866191
866192
866193
866194
866195
866196
866197
866198
866199
866200
866201
866202
866203
866204
866205
866206
866207
866208
866209
866210
866211
866212
866213
866214
866215
866216
866217
866218
866219
866220
866221
866222
866223
866224
866225
866226
866227
866228
866229
866230
866231
866232
866233
866234
866235
866236
866237
866238
866239
866240
866241
866242
866243
866244
866245
866246
866247
866248
866249
866250
866251
866252
866253
866254
866255
866256
866257
866258
866259
866260
866261
866262
866263
866264
866265
866266
866267
866268
866269
866270
866271
866272
866273
866274
866275
866276
866277
866278
866279
866280
866281
866282
866283
866284
866285
866286
866287
866288
866289
866290
866291
866292
866293
866294
866295
866296
866297
866298
866299
866300
866301
866302
866303
866304
866305
866306
866307
866308
866309
866310
866311
866312
866313
866314
866315
866316
866317
866318
866319
866320
866321
866322
866323
866324
866325
866326
866327
866328
866329
866330
866331
866332
866333
866334
866335
866336
866337
866338
866339
866340
866341
866342
866343
866344
866345
866346
866347
866348
866349
866350
866351
866352
866353
866354
866355
866356
866357
866358
866359
866360
866361
866362
866363
866364
866365
866366
866367
866368
866369
866370
866371
866372
866373
866374
866375
866376
866377
866378
866379
866380
866381
866382
866383
866384
866385
866386
866387
866388
866389
866390
866391
866392
866393
866394
866395
866396
866397
866398
866399
866400
866401
866402
866403
866404
866405
866406
866407
866408
866409
866410
866411
866412
866413
866414
866415
866416
866417
866418
866419
866420
866421
866422
866423
866424
866425
866426
866427
866428
866429
866430
866431
866432
866433
866434
866435
866436
866437
866438
866439
866440
866441
866442
866443
866444
866445
866446
866447
866448
866449
866450
866451
866452
866453
866454
866455
866456
866457
866458
866459
866460
866461
866462
866463
866464
866465
866466
866467
866468
866469
866470
866471
866472
866473
866474
866475
866476
866477
866478
866479
866480
866481
866482
866483
866484
866485
866486
866487
866488
866489
866490
866491
866492
866493
866494
866495
866496
866497
866498
866499
866500
866501
866502
866503
866504
866505
866506
866507
866508
866509
866510
866511
866512
866513
866514
866515
866516
866517
866518
866519
866520
866521
866522
866523
866524
866525
866526
866527
866528
866529
866530
866531
866532
866533
866534
866535
866536
866537
866538
866539
866540
866541
866542
866543
866544
866545
866546
866547
866548
866549
866550
866551
866552
866553
866554
866555
866556
866557
866558
866559
866560
866561
866562
866563
866564
866565
866566
866567
866568
866569
866570
866571
866572
866573
866574
866575
866576
866577
866578
866579
866580
866581
866582
866583
866584
866585
866586
866587
866588
866589
866590
866591
866592
866593
866594
866595
866596
866597
866598
866599
866600
866601
866602
866603
866604
866605
866606
866607
866608
866609
866610
866611
866612
866613
866614
866615
866616
866617
866618
866619
866620
866621
866622
866623
866624
866625
866626
866627
866628
866629
866630
866631
866632
866633
866634
866635
866636
866637
866638
866639
866640
866641
866642
866643
866644
866645
866646
866647
866648
866649
866650
866651
866652
866653
866654
866655
866656
866657
866658
866659
866660
866661
866662
866663
866664
866665
866666
866667
866668
866669
866670
866671
866672
866673
866674
866675
866676
866677
866678
866679
866680
866681
866682
866683
866684
866685
866686
866687
866688
866689
866690
866691
866692
866693
866694
866695
866696
866697
866698
866699
866700
866701
866702
866703
866704
866705
866706
866707
866708
866709
866710
866711
866712
866713
866714
866715
866716
866717
866718
866719
866720
866721
866722
)


// ************************************************************************* //
