/*--------------------------------*- C++ -*----------------------------------*\
| =========                 |                                                 |
| \\      /  F ield         | OpenFOAM: The Open Source CFD Toolbox           |
|  \\    /   O peration     | Version:  v2012                                 |
|   \\  /    A nd           | Website:  www.openfoam.com                      |
|    \\/     M anipulation  |                                                 |
\*---------------------------------------------------------------------------*/
FoamFile
{
    version     2.0;
    format      binary;
    class       faceSet;
    arch        "LSB;label=32;scalar=64";
    location    "constant/polyMesh/sets";
    object      fs_wirbler_ami;
}
// * * * * * * * * * * * * * * * * * * * * * * * * * * * * * * * * * * * * * //


6539
(
894330
894331
894332
894333
894334
894335
894336
894337
894338
894339
894340
894341
894342
894343
894344
894345
894346
894347
894348
894349
894350
894351
894352
894353
894354
894355
894356
894357
894358
894359
894360
894361
894362
894363
894364
894365
894366
894367
894368
894369
894370
894371
894372
894373
894374
894375
894376
894377
894378
894379
894380
894381
894382
894383
894384
894385
894386
894387
894388
894389
894390
894391
894392
894393
894394
894395
894396
894397
894398
894399
894400
894401
894402
894403
894404
894405
894406
894407
894408
894409
894410
894411
894412
894413
894414
894415
894416
894417
894418
894419
894420
894421
894422
894423
894424
894425
894426
894427
894428
894429
894430
894431
894432
894433
894434
894435
894436
894437
894438
894439
894440
894441
894442
894443
894444
894445
894446
894447
894448
894449
894450
894451
894452
894453
894454
894455
894456
894457
894458
894459
894460
894461
894462
894463
894464
894465
894466
894467
894468
894469
894470
894471
894472
894473
894474
894475
894476
894477
894478
894479
894480
894481
894482
894483
894484
894485
894486
894487
894488
894489
894490
894491
894492
894493
894494
894495
894496
894497
894498
894499
894500
894501
894502
894503
894504
894505
894506
894507
894508
894509
894510
894511
894512
894513
894514
894515
894516
894517
894518
894519
894520
894521
894522
894523
894524
894525
894526
894527
894528
894529
894530
894531
894532
894533
894534
894535
894536
894537
894538
894539
894540
894541
894542
894543
894544
894545
894546
894547
894548
894549
894550
894551
894552
894553
894554
894555
894556
894557
894558
894559
894560
894561
894562
894563
894564
894565
894566
894567
894568
894569
894570
894571
894572
894573
894574
894575
894576
894577
894578
894579
894580
894581
894582
894583
894584
894585
894586
894587
894588
894589
894590
894591
894592
894593
894594
894595
894596
894597
894598
894599
894600
894601
894602
894603
894604
894605
894606
894607
894608
894609
894610
894611
894612
894613
894614
894615
894616
894617
894618
894619
894620
894621
894622
894623
894624
894625
894626
894627
894628
894629
894630
894631
894632
894633
894634
894635
894636
894637
894638
894639
894640
894641
894642
894643
894644
894645
894646
894647
894648
894649
894650
894651
894652
894653
894654
894655
894656
894657
894658
894659
894660
894661
894662
894663
894664
894665
894666
894667
894668
894669
894670
894671
894672
894673
894674
894675
894676
894677
894678
894679
894680
894681
894682
894683
894684
894685
894686
894687
894688
894689
894690
894691
894692
894693
894694
894695
894696
894697
894698
894699
894700
894701
894702
894703
894704
894705
894706
894707
894708
894709
894710
894711
894712
894713
894714
894715
894716
894717
894718
894719
894720
894721
894722
894723
894724
894725
894726
894727
894728
894729
894730
894731
894732
894733
894734
894735
894736
894737
894738
894739
894740
894741
894742
894743
894744
894745
894746
894747
894748
894749
894750
894751
894752
894753
894754
894755
894756
894757
894758
894759
894760
894761
894762
894763
894764
894765
894766
894767
894768
894769
894770
894771
894772
894773
894774
894775
894776
894777
894778
894779
894780
894781
894782
894783
894784
894785
894786
894787
894788
894789
894790
894791
894792
894793
894794
894795
894796
894797
894798
894799
894800
894801
894802
894803
894804
894805
894806
894807
894808
894809
894810
894811
894812
894813
894814
894815
894816
894817
894818
894819
894820
894821
894822
894823
894824
894825
894826
894827
894828
894829
894830
894831
894832
894833
894834
894835
894836
894837
894838
894839
894840
894841
894842
894843
894844
894845
894846
894847
894848
894849
894850
894851
894852
894853
894854
894855
894856
894857
894858
894859
894860
894861
894862
894863
894864
894865
894866
894867
894868
894869
894870
894871
894872
894873
894874
894875
894876
894877
894878
894879
894880
894881
894882
894883
894884
894885
894886
894887
894888
894889
894890
894891
894892
894893
894894
894895
894896
894897
894898
894899
894900
894901
894902
894903
894904
894905
894906
894907
894908
894909
894910
894911
894912
894913
894914
894915
894916
894917
894918
894919
894920
894921
894922
894923
894924
894925
894926
894927
894928
894929
894930
894931
894932
894933
894934
894935
894936
894937
894938
894939
894940
894941
894942
894943
894944
894945
894946
894947
894948
894949
894950
894951
894952
894953
894954
894955
894956
894957
894958
894959
894960
894961
894962
894963
894964
894965
894966
894967
894968
894969
894970
894971
894972
894973
894974
894975
894976
894977
894978
894979
894980
894981
894982
894983
894984
894985
894986
894987
894988
894989
894990
894991
894992
894993
894994
894995
894996
894997
894998
894999
895000
895001
895002
895003
895004
895005
895006
895007
895008
895009
895010
895011
895012
895013
895014
895015
895016
895017
895018
895019
895020
895021
895022
895023
895024
895025
895026
895027
895028
895029
895030
895031
895032
895033
895034
895035
895036
895037
895038
895039
895040
895041
895042
895043
895044
895045
895046
895047
895048
895049
895050
895051
895052
895053
895054
895055
895056
895057
895058
895059
895060
895061
895062
895063
895064
895065
895066
895067
895068
895069
895070
895071
895072
895073
895074
895075
895076
895077
895078
895079
895080
895081
895082
895083
895084
895085
895086
895087
895088
895089
895090
895091
895092
895093
895094
895095
895096
895097
895098
895099
895100
895101
895102
895103
895104
895105
895106
895107
895108
895109
895110
895111
895112
895113
895114
895115
895116
895117
895118
895119
895120
895121
895122
895123
895124
895125
895126
895127
895128
895129
895130
895131
895132
895133
895134
895135
895136
895137
895138
895139
895140
895141
895142
895143
895144
895145
895146
895147
895148
895149
895150
895151
895152
895153
895154
895155
895156
895157
895158
895159
895160
895161
895162
895163
895164
895165
895166
895167
895168
895169
895170
895171
895172
895173
895174
895175
895176
895177
895178
895179
895180
895181
895182
895183
895184
895185
895186
895187
895188
895189
895190
895191
895192
895193
895194
895195
895196
895197
895198
895199
895200
895201
895202
895203
895204
895205
895206
895207
895208
895209
895210
895211
895212
895213
895214
895215
895216
895217
895218
895219
895220
895221
895222
895223
895224
895225
895226
895227
895228
895229
895230
895231
895232
895233
895234
895235
895236
895237
895238
895239
895240
895241
895242
895243
895244
895245
895246
895247
895248
895249
895250
895251
895252
895253
895254
895255
895256
895257
895258
895259
895260
895261
895262
895263
895264
895265
895266
895267
895268
895269
895270
895271
895272
895273
895274
895275
895276
895277
895278
895279
895280
895281
895282
895283
895284
895285
895286
895287
895288
895289
895290
895291
895292
895293
895294
895295
895296
895297
895298
895299
895300
895301
895302
895303
895304
895305
895306
895307
895308
895309
895310
895311
895312
895313
895314
895315
895316
895317
895318
895319
895320
895321
895322
895323
895324
895325
895326
895327
895328
895329
895330
895331
895332
895333
895334
895335
895336
895337
895338
895339
895340
895341
895342
895343
895344
895345
895346
895347
895348
895349
895350
895351
895352
895353
895354
895355
895356
895357
895358
895359
895360
895361
895362
895363
895364
895365
895366
895367
895368
895369
895370
895371
895372
895373
895374
895375
895376
895377
895378
895379
895380
895381
895382
895383
895384
895385
895386
895387
895388
895389
895390
895391
895392
895393
895394
895395
895396
895397
895398
895399
895400
895401
895402
895403
895404
895405
895406
895407
895408
895409
895410
895411
895412
895413
895414
895415
895416
895417
895418
895419
895420
895421
895422
895423
895424
895425
895426
895427
895428
895429
895430
895431
895432
895433
895434
895435
895436
895437
895438
895439
895440
895441
895442
895443
895444
895445
895446
895447
895448
895449
895450
895451
895452
895453
895454
895455
895456
895457
895458
895459
895460
895461
895462
895463
895464
895465
895466
895467
895468
895469
895470
895471
895472
895473
895474
895475
895476
895477
895478
895479
895480
895481
895482
895483
895484
895485
895486
895487
895488
895489
895490
895491
895492
895493
895494
895495
895496
895497
895498
895499
895500
895501
895502
895503
895504
895505
895506
895507
895508
895509
895510
895511
895512
895513
895514
895515
895516
895517
895518
895519
895520
895521
895522
895523
895524
895525
895526
895527
895528
895529
895530
895531
895532
895533
895534
895535
895536
895537
895538
895539
895540
895541
895542
895543
895544
895545
895546
895547
895548
895549
895550
895551
895552
895553
895554
895555
895556
895557
895558
895559
895560
895561
895562
895563
895564
895565
895566
895567
895568
895569
895570
895571
895572
895573
895574
895575
895576
895577
895578
895579
895580
895581
895582
895583
895584
895585
895586
895587
895588
895589
895590
895591
895592
895593
895594
895595
895596
895597
895598
895599
895600
895601
895602
895603
895604
895605
895606
895607
895608
895609
895610
895611
895612
895613
895614
895615
895616
895617
895618
895619
895620
895621
895622
895623
895624
895625
895626
895627
895628
895629
895630
895631
895632
895633
895634
895635
895636
895637
895638
895639
895640
895641
895642
895643
895644
895645
895646
895647
895648
895649
895650
895651
895652
895653
895654
895655
895656
895657
895658
895659
895660
895661
895662
895663
895664
895665
895666
895667
895668
895669
895670
895671
895672
895673
895674
895675
895676
895677
895678
895679
895680
895681
895682
895683
895684
895685
895686
895687
895688
895689
895690
895691
895692
895693
895694
895695
895696
895697
895698
895699
895700
895701
895702
895703
895704
895705
895706
895707
895708
895709
895710
895711
895712
895713
895714
895715
895716
895717
895718
895719
895720
895721
895722
895723
895724
895725
895726
895727
895728
895729
895730
895731
895732
895733
895734
895735
895736
895737
895738
895739
895740
895741
895742
895743
895744
895745
895746
895747
895748
895749
895750
895751
895752
895753
895754
895755
895756
895757
895758
895759
895760
895761
895762
895763
895764
895765
895766
895767
895768
895769
895770
895771
895772
895773
895774
895775
895776
895777
895778
895779
895780
895781
895782
895783
895784
895785
895786
895787
895788
895789
895790
895791
895792
895793
895794
895795
895796
895797
895798
895799
895800
895801
895802
895803
895804
895805
895806
895807
895808
895809
895810
895811
895812
895813
895814
895815
895816
895817
895818
895819
895820
895821
895822
895823
895824
895825
895826
895827
895828
895829
895830
895831
895832
895833
895834
895835
895836
895837
895838
895839
895840
895841
895842
895843
895844
895845
895846
895847
895848
895849
895850
895851
895852
895853
895854
895855
895856
895857
895858
895859
895860
895861
895862
895863
895864
895865
895866
895867
895868
895869
895870
895871
895872
895873
895874
895875
895876
895877
895878
895879
895880
895881
895882
895883
895884
895885
895886
895887
895888
895889
895890
895891
895892
895893
895894
895895
895896
895897
895898
895899
895900
895901
895902
895903
895904
895905
895906
895907
895908
895909
895910
895911
895912
895913
895914
895915
895916
895917
895918
895919
895920
895921
895922
895923
895924
895925
895926
895927
895928
895929
895930
895931
895932
895933
895934
895935
895936
895937
895938
895939
895940
895941
895942
895943
895944
895945
895946
895947
895948
895949
895950
895951
895952
895953
895954
895955
895956
895957
895958
895959
895960
895961
895962
895963
895964
895965
895966
895967
895968
895969
895970
895971
895972
895973
895974
895975
895976
895977
895978
895979
895980
895981
895982
895983
895984
895985
895986
895987
895988
895989
895990
895991
895992
895993
895994
895995
895996
895997
895998
895999
896000
896001
896002
896003
896004
896005
896006
896007
896008
896009
896010
896011
896012
896013
896014
896015
896016
896017
896018
896019
896020
896021
896022
896023
896024
896025
896026
896027
896028
896029
896030
896031
896032
896033
896034
896035
896036
896037
896038
896039
896040
896041
896042
896043
896044
896045
896046
896047
896048
896049
896050
896051
896052
896053
896054
896055
896056
896057
896058
896059
896060
896061
896062
896063
896064
896065
896066
896067
896068
896069
896070
896071
896072
896073
896074
896075
896076
896077
896078
896079
896080
896081
896082
896083
896084
896085
896086
896087
896088
896089
896090
896091
896092
896093
896094
896095
896096
896097
896098
896099
896100
896101
896102
896103
896104
896105
896106
896107
896108
896109
896110
896111
896112
896113
896114
896115
896116
896117
896118
896119
896120
896121
896122
896123
896124
896125
896126
896127
896128
896129
896130
896131
896132
896133
896134
896135
896136
896137
896138
896139
896140
896141
896142
896143
896144
896145
896146
896147
896148
896149
896150
896151
896152
896153
896154
896155
896156
896157
896158
896159
896160
896161
896162
896163
896164
896165
896166
896167
896168
896169
896170
896171
896172
896173
896174
896175
896176
896177
896178
896179
896180
896181
896182
896183
896184
896185
896186
896187
896188
896189
896190
896191
896192
896193
896194
896195
896196
896197
896198
896199
896200
896201
896202
896203
896204
896205
896206
896207
896208
896209
896210
896211
896212
896213
896214
896215
896216
896217
896218
896219
896220
896221
896222
896223
896224
896225
896226
896227
896228
896229
896230
896231
896232
896233
896234
896235
896236
896237
896238
896239
896240
896241
896242
896243
896244
896245
896246
896247
896248
896249
896250
896251
896252
896253
896254
896255
896256
896257
896258
896259
896260
896261
896262
896263
896264
896265
896266
896267
896268
896269
896270
896271
896272
896273
896274
896275
896276
896277
896278
896279
896280
896281
896282
896283
896284
896285
896286
896287
896288
896289
896290
896291
896292
896293
896294
896295
896296
896297
896298
896299
896300
896301
896302
896303
896304
896305
896306
896307
896308
896309
896310
896311
896312
896313
896314
896315
896316
896317
896318
896319
896320
896321
896322
896323
896324
896325
896326
896327
896328
896329
896330
896331
896332
896333
896334
896335
896336
896337
896338
896339
896340
896341
896342
896343
896344
896345
896346
896347
896348
896349
896350
896351
896352
896353
896354
896355
896356
896357
896358
896359
896360
896361
896362
896363
896364
896365
896366
896367
896368
896369
896370
896371
896372
896373
896374
896375
896376
896377
896378
896379
896380
896381
896382
896383
896384
896385
896386
896387
896388
896389
896390
896391
896392
896393
896394
896395
896396
896397
896398
896399
896400
896401
896402
896403
896404
896405
896406
896407
896408
896409
896410
896411
896412
896413
896414
896415
896416
896417
896418
896419
896420
896421
896422
896423
896424
896425
896426
896427
896428
896429
896430
896431
896432
896433
896434
896435
896436
896437
896438
896439
896440
896441
896442
896443
896444
896445
896446
896447
896448
896449
896450
896451
896452
896453
896454
896455
896456
896457
896458
896459
896460
896461
896462
896463
896464
896465
896466
896467
896468
896469
896470
896471
896472
896473
896474
896475
896476
896477
896478
896479
896480
896481
896482
896483
896484
896485
896486
896487
896488
896489
896490
896491
896492
896493
896494
896495
896496
896497
896498
896499
896500
896501
896502
896503
896504
896505
896506
896507
896508
896509
896510
896511
896512
896513
896514
896515
896516
896517
896518
896519
896520
896521
896522
896523
896524
896525
896526
896527
896528
896529
896530
896531
896532
896533
896534
896535
896536
896537
896538
896539
896540
896541
896542
896543
896544
896545
896546
896547
896548
896549
896550
896551
896552
896553
896554
896555
896556
896557
896558
896559
896560
896561
896562
896563
896564
896565
896566
896567
896568
896569
896570
896571
896572
896573
896574
896575
896576
896577
896578
896579
896580
896581
896582
896583
896584
896585
896586
896587
896588
896589
896590
896591
896592
896593
896594
896595
896596
896597
896598
896599
896600
896601
896602
896603
896604
896605
896606
896607
896608
896609
896610
896611
896612
896613
896614
896615
896616
896617
896618
896619
896620
896621
896622
896623
896624
896625
896626
896627
896628
896629
896630
896631
896632
896633
896634
896635
896636
896637
896638
896639
896640
896641
896642
896643
896644
896645
896646
896647
896648
896649
896650
896651
896652
896653
896654
896655
896656
896657
896658
896659
896660
896661
896662
896663
896664
896665
896666
896667
896668
896669
896670
896671
896672
896673
896674
896675
896676
896677
896678
896679
896680
896681
896682
896683
896684
896685
896686
896687
896688
896689
896690
896691
896692
896693
896694
896695
896696
896697
896698
896699
896700
896701
896702
896703
896704
896705
896706
896707
896708
896709
896710
896711
896712
896713
896714
896715
896716
896717
896718
896719
896720
896721
896722
896723
896724
896725
896726
896727
896728
896729
896730
896731
896732
896733
896734
896735
896736
896737
896738
896739
896740
896741
896742
896743
896744
896745
896746
896747
896748
896749
896750
896751
896752
896753
896754
896755
896756
896757
896758
896759
896760
896761
896762
896763
896764
896765
896766
896767
896768
896769
896770
896771
896772
896773
896774
896775
896776
896777
896778
896779
896780
896781
896782
896783
896784
896785
896786
896787
896788
896789
896790
896791
896792
896793
896794
896795
896796
896797
896798
896799
896800
896801
896802
896803
896804
896805
896806
896807
896808
896809
896810
896811
896812
896813
896814
896815
896816
896817
896818
896819
896820
896821
896822
896823
896824
896825
896826
896827
896828
896829
896830
896831
896832
896833
896834
896835
896836
896837
896838
896839
896840
896841
896842
896843
896844
896845
896846
896847
896848
896849
896850
896851
896852
896853
896854
896855
896856
896857
896858
896859
896860
896861
896862
896863
896864
896865
896866
896867
896868
896869
896870
896871
896872
896873
896874
896875
896876
896877
896878
896879
896880
896881
896882
896883
896884
896885
896886
896887
896888
896889
896890
896891
896892
896893
896894
896895
896896
896897
896898
896899
896900
896901
896902
896903
896904
896905
896906
896907
896908
896909
896910
896911
896912
896913
896914
896915
896916
896917
896918
896919
896920
896921
896922
896923
896924
896925
896926
896927
896928
896929
896930
896931
896932
896933
896934
896935
896936
896937
896938
896939
896940
896941
896942
896943
896944
896945
896946
896947
896948
896949
896950
896951
896952
896953
896954
896955
896956
896957
896958
896959
896960
896961
896962
896963
896964
896965
896966
896967
896968
896969
896970
896971
896972
896973
896974
896975
896976
896977
896978
896979
896980
896981
896982
896983
896984
896985
896986
896987
896988
896989
896990
896991
896992
896993
896994
896995
896996
896997
896998
896999
897000
897001
897002
897003
897004
897005
897006
897007
897008
897009
897010
897011
897012
897013
897014
897015
897016
897017
897018
897019
897020
897021
897022
897023
897024
897025
897026
897027
897028
897029
897030
897031
897032
897033
897034
897035
897036
897037
897038
897039
897040
897041
897042
897043
897044
897045
897046
897047
897048
897049
897050
897051
897052
897053
897054
897055
897056
897057
897058
897059
897060
897061
897062
897063
897064
897065
897066
897067
897068
897069
897070
897071
897072
897073
897074
897075
897076
897077
897078
897079
897080
897081
897082
897083
897084
897085
897086
897087
897088
897089
897090
897091
897092
897093
897094
897095
897096
897097
897098
897099
897100
897101
897102
897103
897104
897105
897106
897107
897108
897109
897110
897111
897112
897113
897114
897115
897116
897117
897118
897119
897120
897121
897122
897123
897124
897125
897126
897127
897128
897129
897130
897131
897132
897133
897134
897135
897136
897137
897138
897139
897140
897141
897142
897143
897144
897145
897146
897147
897148
897149
897150
897151
897152
897153
897154
897155
897156
897157
897158
897159
897160
897161
897162
897163
897164
897165
897166
897167
897168
897169
897170
897171
897172
897173
897174
897175
897176
897177
897178
897179
897180
897181
897182
897183
897184
897185
897186
897187
897188
897189
897190
897191
897192
897193
897194
897195
897196
897197
897198
897199
897200
897201
897202
897203
897204
897205
897206
897207
897208
897209
897210
897211
897212
897213
897214
897215
897216
897217
897218
897219
897220
897221
897222
897223
897224
897225
897226
897227
897228
897229
897230
897231
897232
897233
897234
897235
897236
897237
897238
897239
897240
897241
897242
897243
897244
897245
897246
897247
897248
897249
897250
897251
897252
897253
897254
897255
897256
897257
897258
897259
897260
897261
897262
897263
897264
897265
897266
897267
897268
897269
897270
897271
897272
897273
897274
897275
897276
897277
897278
897279
897280
897281
897282
897283
897284
897285
897286
897287
897288
897289
897290
897291
897292
897293
897294
897295
897296
897297
897298
897299
897300
897301
897302
897303
897304
897305
897306
897307
897308
897309
897310
897311
897312
897313
897314
897315
897316
897317
897318
897319
897320
897321
897322
897323
897324
897325
897326
897327
897328
897329
897330
897331
897332
897333
897334
897335
897336
897337
897338
897339
897340
897341
897342
897343
897344
897345
897346
897347
897348
897349
897350
897351
897352
897353
897354
897355
897356
897357
897358
897359
897360
897361
897362
897363
897364
897365
897366
897367
897368
897369
897370
897371
897372
897373
897374
897375
897376
897377
897378
897379
897380
897381
897382
897383
897384
897385
897386
897387
897388
897389
897390
897391
897392
897393
897394
897395
897396
897397
897398
897399
897400
897401
897402
897403
897404
897405
897406
897407
897408
897409
897410
897411
897412
897413
897414
897415
897416
897417
897418
897419
897420
897421
897422
897423
897424
897425
897426
897427
897428
897429
897430
897431
897432
897433
897434
897435
897436
897437
897438
897439
897440
897441
897442
897443
897444
897445
897446
897447
897448
897449
897450
897451
897452
897453
897454
897455
897456
897457
897458
897459
897460
897461
897462
897463
897464
897465
897466
897467
897468
897469
897470
897471
897472
897473
897474
897475
897476
897477
897478
897479
897480
897481
897482
897483
897484
897485
897486
897487
897488
897489
897490
897491
897492
897493
897494
897495
897496
897497
897498
897499
897500
897501
897502
897503
897504
897505
897506
897507
897508
897509
897510
897511
897512
897513
897514
897515
897516
897517
897518
897519
897520
897521
897522
897523
897524
897525
897526
897527
897528
897529
897530
897531
897532
897533
897534
897535
897536
897537
897538
897539
897540
897541
897542
897543
897544
897545
897546
897547
897548
897549
897550
897551
897552
897553
897554
897555
897556
897557
897558
897559
897560
897561
897562
897563
897564
897565
897566
897567
897568
897569
897570
897571
897572
897573
897574
897575
897576
897577
897578
897579
897580
897581
897582
897583
897584
897585
897586
897587
897588
897589
897590
897591
897592
897593
897594
897595
897596
897597
897598
897599
897600
897601
897602
897603
897604
897605
897606
897607
897608
897609
897610
897611
897612
897613
897614
897615
897616
897617
897618
897619
897620
897621
897622
897623
897624
897625
897626
897627
897628
897629
897630
897631
897632
897633
897634
897635
897636
897637
897638
897639
897640
897641
897642
897643
897644
897645
897646
897647
897648
897649
897650
897651
897652
897653
897654
897655
897656
897657
897658
897659
897660
897661
897662
897663
897664
897665
897666
897667
897668
897669
897670
897671
897672
897673
897674
897675
897676
897677
897678
897679
897680
897681
897682
897683
897684
897685
897686
897687
897688
897689
897690
897691
897692
897693
897694
897695
897696
897697
897698
897699
897700
897701
897702
897703
897704
897705
897706
897707
897708
897709
897710
897711
897712
897713
897714
897715
897716
897717
897718
897719
897720
897721
897722
897723
897724
897725
897726
897727
897728
897729
897730
897731
897732
897733
897734
897735
897736
897737
897738
897739
897740
897741
897742
897743
897744
897745
897746
897747
897748
897749
897750
897751
897752
897753
897754
897755
897756
897757
897758
897759
897760
897761
897762
897763
897764
897765
897766
897767
897768
897769
897770
897771
897772
897773
897774
897775
897776
897777
897778
897779
897780
897781
897782
897783
897784
897785
897786
897787
897788
897789
897790
897791
897792
897793
897794
897795
897796
897797
897798
897799
897800
897801
897802
897803
897804
897805
897806
897807
897808
897809
897810
897811
897812
897813
897814
897815
897816
897817
897818
897819
897820
897821
897822
897823
897824
897825
897826
897827
897828
897829
897830
897831
897832
897833
897834
897835
897836
897837
897838
897839
897840
897841
897842
897843
897844
897845
897846
897847
897848
897849
897850
897851
897852
897853
897854
897855
897856
897857
897858
897859
897860
897861
897862
897863
897864
897865
897866
897867
897868
897869
897870
897871
897872
897873
897874
897875
897876
897877
897878
897879
897880
897881
897882
897883
897884
897885
897886
897887
897888
897889
897890
897891
897892
897893
897894
897895
897896
897897
897898
897899
897900
897901
897902
897903
897904
897905
897906
897907
897908
897909
897910
897911
897912
897913
897914
897915
897916
897917
897918
897919
897920
897921
897922
897923
897924
897925
897926
897927
897928
897929
897930
897931
897932
897933
897934
897935
897936
897937
897938
897939
897940
897941
897942
897943
897944
897945
897946
897947
897948
897949
897950
897951
897952
897953
897954
897955
897956
897957
897958
897959
897960
897961
897962
897963
897964
897965
897966
897967
897968
897969
897970
897971
897972
897973
897974
897975
897976
897977
897978
897979
897980
897981
897982
897983
897984
897985
897986
897987
897988
897989
897990
897991
897992
897993
897994
897995
897996
897997
897998
897999
898000
898001
898002
898003
898004
898005
898006
898007
898008
898009
898010
898011
898012
898013
898014
898015
898016
898017
898018
898019
898020
898021
898022
898023
898024
898025
898026
898027
898028
898029
898030
898031
898032
898033
898034
898035
898036
898037
898038
898039
898040
898041
898042
898043
898044
898045
898046
898047
898048
898049
898050
898051
898052
898053
898054
898055
898056
898057
898058
898059
898060
898061
898062
898063
898064
898065
898066
898067
898068
898069
898070
898071
898072
898073
898074
898075
898076
898077
898078
898079
898080
898081
898082
898083
898084
898085
898086
898087
898088
898089
898090
898091
898092
898093
898094
898095
898096
898097
898098
898099
898100
898101
898102
898103
898104
898105
898106
898107
898108
898109
898110
898111
898112
898113
898114
898115
898116
898117
898118
898119
898120
898121
898122
898123
898124
898125
898126
898127
898128
898129
898130
898131
898132
898133
898134
898135
898136
898137
898138
898139
898140
898141
898142
898143
898144
898145
898146
898147
898148
898149
898150
898151
898152
898153
898154
898155
898156
898157
898158
898159
898160
898161
898162
898163
898164
898165
898166
898167
898168
898169
898170
898171
898172
898173
898174
898175
898176
898177
898178
898179
898180
898181
898182
898183
898184
898185
898186
898187
898188
898189
898190
898191
898192
898193
898194
898195
898196
898197
898198
898199
898200
898201
898202
898203
898204
898205
898206
898207
898208
898209
898210
898211
898212
898213
898214
898215
898216
898217
898218
898219
898220
898221
898222
898223
898224
898225
898226
898227
898228
898229
898230
898231
898232
898233
898234
898235
898236
898237
898238
898239
898240
898241
898242
898243
898244
898245
898246
898247
898248
898249
898250
898251
898252
898253
898254
898255
898256
898257
898258
898259
898260
898261
898262
898263
898264
898265
898266
898267
898268
898269
898270
898271
898272
898273
898274
898275
898276
898277
898278
898279
898280
898281
898282
898283
898284
898285
898286
898287
898288
898289
898290
898291
898292
898293
898294
898295
898296
898297
898298
898299
898300
898301
898302
898303
898304
898305
898306
898307
898308
898309
898310
898311
898312
898313
898314
898315
898316
898317
898318
898319
898320
898321
898322
898323
898324
898325
898326
898327
898328
898329
898330
898331
898332
898333
898334
898335
898336
898337
898338
898339
898340
898341
898342
898343
898344
898345
898346
898347
898348
898349
898350
898351
898352
898353
898354
898355
898356
898357
898358
898359
898360
898361
898362
898363
898364
898365
898366
898367
898368
898369
898370
898371
898372
898373
898374
898375
898376
898377
898378
898379
898380
898381
898382
898383
898384
898385
898386
898387
898388
898389
898390
898391
898392
898393
898394
898395
898396
898397
898398
898399
898400
898401
898402
898403
898404
898405
898406
898407
898408
898409
898410
898411
898412
898413
898414
898415
898416
898417
898418
898419
898420
898421
898422
898423
898424
898425
898426
898427
898428
898429
898430
898431
898432
898433
898434
898435
898436
898437
898438
898439
898440
898441
898442
898443
898444
898445
898446
898447
898448
898449
898450
898451
898452
898453
898454
898455
898456
898457
898458
898459
898460
898461
898462
898463
898464
898465
898466
898467
898468
898469
898470
898471
898472
898473
898474
898475
898476
898477
898478
898479
898480
898481
898482
898483
898484
898485
898486
898487
898488
898489
898490
898491
898492
898493
898494
898495
898496
898497
898498
898499
898500
898501
898502
898503
898504
898505
898506
898507
898508
898509
898510
898511
898512
898513
898514
898515
898516
898517
898518
898519
898520
898521
898522
898523
898524
898525
898526
898527
898528
898529
898530
898531
898532
898533
898534
898535
898536
898537
898538
898539
898540
898541
898542
898543
898544
898545
898546
898547
898548
898549
898550
898551
898552
898553
898554
898555
898556
898557
898558
898559
898560
898561
898562
898563
898564
898565
898566
898567
898568
898569
898570
898571
898572
898573
898574
898575
898576
898577
898578
898579
898580
898581
898582
898583
898584
898585
898586
898587
898588
898589
898590
898591
898592
898593
898594
898595
898596
898597
898598
898599
898600
898601
898602
898603
898604
898605
898606
898607
898608
898609
898610
898611
898612
898613
898614
898615
898616
898617
898618
898619
898620
898621
898622
898623
898624
898625
898626
898627
898628
898629
898630
898631
898632
898633
898634
898635
898636
898637
898638
898639
898640
898641
898642
898643
898644
898645
898646
898647
898648
898649
898650
898651
898652
898653
898654
898655
898656
898657
898658
898659
898660
898661
898662
898663
898664
898665
898666
898667
898668
898669
898670
898671
898672
898673
898674
898675
898676
898677
898678
898679
898680
898681
898682
898683
898684
898685
898686
898687
898688
898689
898690
898691
898692
898693
898694
898695
898696
898697
898698
898699
898700
898701
898702
898703
898704
898705
898706
898707
898708
898709
898710
898711
898712
898713
898714
898715
898716
898717
898718
898719
898720
898721
898722
898723
898724
898725
898726
898727
898728
898729
898730
898731
898732
898733
898734
898735
898736
898737
898738
898739
898740
898741
898742
898743
898744
898745
898746
898747
898748
898749
898750
898751
898752
898753
898754
898755
898756
898757
898758
898759
898760
898761
898762
898763
898764
898765
898766
898767
898768
898769
898770
898771
898772
898773
898774
898775
898776
898777
898778
898779
898780
898781
898782
898783
898784
898785
898786
898787
898788
898789
898790
898791
898792
898793
898794
898795
898796
898797
898798
898799
898800
898801
898802
898803
898804
898805
898806
898807
898808
898809
898810
898811
898812
898813
898814
898815
898816
898817
898818
898819
898820
898821
898822
898823
898824
898825
898826
898827
898828
898829
898830
898831
898832
898833
898834
898835
898836
898837
898838
898839
898840
898841
898842
898843
898844
898845
898846
898847
898848
898849
898850
898851
898852
898853
898854
898855
898856
898857
898858
898859
898860
898861
898862
898863
898864
898865
898866
898867
898868
898869
898870
898871
898872
898873
898874
898875
898876
898877
898878
898879
898880
898881
898882
898883
898884
898885
898886
898887
898888
898889
898890
898891
898892
898893
898894
898895
898896
898897
898898
898899
898900
898901
898902
898903
898904
898905
898906
898907
898908
898909
898910
898911
898912
898913
898914
898915
898916
898917
898918
898919
898920
898921
898922
898923
898924
898925
898926
898927
898928
898929
898930
898931
898932
898933
898934
898935
898936
898937
898938
898939
898940
898941
898942
898943
898944
898945
898946
898947
898948
898949
898950
898951
898952
898953
898954
898955
898956
898957
898958
898959
898960
898961
898962
898963
898964
898965
898966
898967
898968
898969
898970
898971
898972
898973
898974
898975
898976
898977
898978
898979
898980
898981
898982
898983
898984
898985
898986
898987
898988
898989
898990
898991
898992
898993
898994
898995
898996
898997
898998
898999
899000
899001
899002
899003
899004
899005
899006
899007
899008
899009
899010
899011
899012
899013
899014
899015
899016
899017
899018
899019
899020
899021
899022
899023
899024
899025
899026
899027
899028
899029
899030
899031
899032
899033
899034
899035
899036
899037
899038
899039
899040
899041
899042
899043
899044
899045
899046
899047
899048
899049
899050
899051
899052
899053
899054
899055
899056
899057
899058
899059
899060
899061
899062
899063
899064
899065
899066
899067
899068
899069
899070
899071
899072
899073
899074
899075
899076
899077
899078
899079
899080
899081
899082
899083
899084
899085
899086
899087
899088
899089
899090
899091
899092
899093
899094
899095
899096
899097
899098
899099
899100
899101
899102
899103
899104
899105
899106
899107
899108
899109
899110
899111
899112
899113
899114
899115
899116
899117
899118
899119
899120
899121
899122
899123
899124
899125
899126
899127
899128
899129
899130
899131
899132
899133
899134
899135
899136
899137
899138
899139
899140
899141
899142
899143
899144
899145
899146
899147
899148
899149
899150
899151
899152
899153
899154
899155
899156
899157
899158
899159
899160
899161
899162
899163
899164
899165
899166
899167
899168
899169
899170
899171
899172
899173
899174
899175
899176
899177
899178
899179
899180
899181
899182
899183
899184
899185
899186
899187
899188
899189
899190
899191
899192
899193
899194
899195
899196
899197
899198
899199
899200
899201
899202
899203
899204
899205
899206
899207
899208
899209
899210
899211
899212
899213
899214
899215
899216
899217
899218
899219
899220
899221
899222
899223
899224
899225
899226
899227
899228
899229
899230
899231
899232
899233
899234
899235
899236
899237
899238
899239
899240
899241
899242
899243
899244
899245
899246
899247
899248
899249
899250
899251
899252
899253
899254
899255
899256
899257
899258
899259
899260
899261
899262
899263
899264
899265
899266
899267
899268
899269
899270
899271
899272
899273
899274
899275
899276
899277
899278
899279
899280
899281
899282
899283
899284
899285
899286
899287
899288
899289
899290
899291
899292
899293
899294
899295
899296
899297
899298
899299
899300
899301
899302
899303
899304
899305
899306
899307
899308
899309
899310
899311
899312
899313
899314
899315
899316
899317
899318
899319
899320
899321
899322
899323
899324
899325
899326
899327
899328
899329
899330
899331
899332
899333
899334
899335
899336
899337
899338
899339
899340
899341
899342
899343
899344
899345
899346
899347
899348
899349
899350
899351
899352
899353
899354
899355
899356
899357
899358
899359
899360
899361
899362
899363
899364
899365
899366
899367
899368
899369
899370
899371
899372
899373
899374
899375
899376
899377
899378
899379
899380
899381
899382
899383
899384
899385
899386
899387
899388
899389
899390
899391
899392
899393
899394
899395
899396
899397
899398
899399
899400
899401
899402
899403
899404
899405
899406
899407
899408
899409
899410
899411
899412
899413
899414
899415
899416
899417
899418
899419
899420
899421
899422
899423
899424
899425
899426
899427
899428
899429
899430
899431
899432
899433
899434
899435
899436
899437
899438
899439
899440
899441
899442
899443
899444
899445
899446
899447
899448
899449
899450
899451
899452
899453
899454
899455
899456
899457
899458
899459
899460
899461
899462
899463
899464
899465
899466
899467
899468
899469
899470
899471
899472
899473
899474
899475
899476
899477
899478
899479
899480
899481
899482
899483
899484
899485
899486
899487
899488
899489
899490
899491
899492
899493
899494
899495
899496
899497
899498
899499
899500
899501
899502
899503
899504
899505
899506
899507
899508
899509
899510
899511
899512
899513
899514
899515
899516
899517
899518
899519
899520
899521
899522
899523
899524
899525
899526
899527
899528
899529
899530
899531
899532
899533
899534
899535
899536
899537
899538
899539
899540
899541
899542
899543
899544
899545
899546
899547
899548
899549
899550
899551
899552
899553
899554
899555
899556
899557
899558
899559
899560
899561
899562
899563
899564
899565
899566
899567
899568
899569
899570
899571
899572
899573
899574
899575
899576
899577
899578
899579
899580
899581
899582
899583
899584
899585
899586
899587
899588
899589
899590
899591
899592
899593
899594
899595
899596
899597
899598
899599
899600
899601
899602
899603
899604
899605
899606
899607
899608
899609
899610
899611
899612
899613
899614
899615
899616
899617
899618
899619
899620
899621
899622
899623
899624
899625
899626
899627
899628
899629
899630
899631
899632
899633
899634
899635
899636
899637
899638
899639
899640
899641
899642
899643
899644
899645
899646
899647
899648
899649
899650
899651
899652
899653
899654
899655
899656
899657
899658
899659
899660
899661
899662
899663
899664
899665
899666
899667
899668
899669
899670
899671
899672
899673
899674
899675
899676
899677
899678
899679
899680
899681
899682
899683
899684
899685
899686
899687
899688
899689
899690
899691
899692
899693
899694
899695
899696
899697
899698
899699
899700
899701
899702
899703
899704
899705
899706
899707
899708
899709
899710
899711
899712
899713
899714
899715
899716
899717
899718
899719
899720
899721
899722
899723
899724
899725
899726
899727
899728
899729
899730
899731
899732
899733
899734
899735
899736
899737
899738
899739
899740
899741
899742
899743
899744
899745
899746
899747
899748
899749
899750
899751
899752
899753
899754
899755
899756
899757
899758
899759
899760
899761
899762
899763
899764
899765
899766
899767
899768
899769
899770
899771
899772
899773
899774
899775
899776
899777
899778
899779
899780
899781
899782
899783
899784
899785
899786
899787
899788
899789
899790
899791
899792
899793
899794
899795
899796
899797
899798
899799
899800
899801
899802
899803
899804
899805
899806
899807
899808
899809
899810
899811
899812
899813
899814
899815
899816
899817
899818
899819
899820
899821
899822
899823
899824
899825
899826
899827
899828
899829
899830
899831
899832
899833
899834
899835
899836
899837
899838
899839
899840
899841
899842
899843
899844
899845
899846
899847
899848
899849
899850
899851
899852
899853
899854
899855
899856
899857
899858
899859
899860
899861
899862
899863
899864
899865
899866
899867
899868
899869
899870
899871
899872
899873
899874
899875
899876
899877
899878
899879
899880
899881
899882
899883
899884
899885
899886
899887
899888
899889
899890
899891
899892
899893
899894
899895
899896
899897
899898
899899
899900
899901
899902
899903
899904
899905
899906
899907
899908
899909
899910
899911
899912
899913
899914
899915
899916
899917
899918
899919
899920
899921
899922
899923
899924
899925
899926
899927
899928
899929
899930
899931
899932
899933
899934
899935
899936
899937
899938
899939
899940
899941
899942
899943
899944
899945
899946
899947
899948
899949
899950
899951
899952
899953
899954
899955
899956
899957
899958
899959
899960
899961
899962
899963
899964
899965
899966
899967
899968
899969
899970
899971
899972
899973
899974
899975
899976
899977
899978
899979
899980
899981
899982
899983
899984
899985
899986
899987
899988
899989
899990
899991
899992
899993
899994
899995
899996
899997
899998
899999
900000
900001
900002
900003
900004
900005
900006
900007
900008
900009
900010
900011
900012
900013
900014
900015
900016
900017
900018
900019
900020
900021
900022
900023
900024
900025
900026
900027
900028
900029
900030
900031
900032
900033
900034
900035
900036
900037
900038
900039
900040
900041
900042
900043
900044
900045
900046
900047
900048
900049
900050
900051
900052
900053
900054
900055
900056
900057
900058
900059
900060
900061
900062
900063
900064
900065
900066
900067
900068
900069
900070
900071
900072
900073
900074
900075
900076
900077
900078
900079
900080
900081
900082
900083
900084
900085
900086
900087
900088
900089
900090
900091
900092
900093
900094
900095
900096
900097
900098
900099
900100
900101
900102
900103
900104
900105
900106
900107
900108
900109
900110
900111
900112
900113
900114
900115
900116
900117
900118
900119
900120
900121
900122
900123
900124
900125
900126
900127
900128
900129
900130
900131
900132
900133
900134
900135
900136
900137
900138
900139
900140
900141
900142
900143
900144
900145
900146
900147
900148
900149
900150
900151
900152
900153
900154
900155
900156
900157
900158
900159
900160
900161
900162
900163
900164
900165
900166
900167
900168
900169
900170
900171
900172
900173
900174
900175
900176
900177
900178
900179
900180
900181
900182
900183
900184
900185
900186
900187
900188
900189
900190
900191
900192
900193
900194
900195
900196
900197
900198
900199
900200
900201
900202
900203
900204
900205
900206
900207
900208
900209
900210
900211
900212
900213
900214
900215
900216
900217
900218
900219
900220
900221
900222
900223
900224
900225
900226
900227
900228
900229
900230
900231
900232
900233
900234
900235
900236
900237
900238
900239
900240
900241
900242
900243
900244
900245
900246
900247
900248
900249
900250
900251
900252
900253
900254
900255
900256
900257
900258
900259
900260
900261
900262
900263
900264
900265
900266
900267
900268
900269
900270
900271
900272
900273
900274
900275
900276
900277
900278
900279
900280
900281
900282
900283
900284
900285
900286
900287
900288
900289
900290
900291
900292
900293
900294
900295
900296
900297
900298
900299
900300
900301
900302
900303
900304
900305
900306
900307
900308
900309
900310
900311
900312
900313
900314
900315
900316
900317
900318
900319
900320
900321
900322
900323
900324
900325
900326
900327
900328
900329
900330
900331
900332
900333
900334
900335
900336
900337
900338
900339
900340
900341
900342
900343
900344
900345
900346
900347
900348
900349
900350
900351
900352
900353
900354
900355
900356
900357
900358
900359
900360
900361
900362
900363
900364
900365
900366
900367
900368
900369
900370
900371
900372
900373
900374
900375
900376
900377
900378
900379
900380
900381
900382
900383
900384
900385
900386
900387
900388
900389
900390
900391
900392
900393
900394
900395
900396
900397
900398
900399
900400
900401
900402
900403
900404
900405
900406
900407
900408
900409
900410
900411
900412
900413
900414
900415
900416
900417
900418
900419
900420
900421
900422
900423
900424
900425
900426
900427
900428
900429
900430
900431
900432
900433
900434
900435
900436
900437
900438
900439
900440
900441
900442
900443
900444
900445
900446
900447
900448
900449
900450
900451
900452
900453
900454
900455
900456
900457
900458
900459
900460
900461
900462
900463
900464
900465
900466
900467
900468
900469
900470
900471
900472
900473
900474
900475
900476
900477
900478
900479
900480
900481
900482
900483
900484
900485
900486
900487
900488
900489
900490
900491
900492
900493
900494
900495
900496
900497
900498
900499
900500
900501
900502
900503
900504
900505
900506
900507
900508
900509
900510
900511
900512
900513
900514
900515
900516
900517
900518
900519
900520
900521
900522
900523
900524
900525
900526
900527
900528
900529
900530
900531
900532
900533
900534
900535
900536
900537
900538
900539
900540
900541
900542
900543
900544
900545
900546
900547
900548
900549
900550
900551
900552
900553
900554
900555
900556
900557
900558
900559
900560
900561
900562
900563
900564
900565
900566
900567
900568
900569
900570
900571
900572
900573
900574
900575
900576
900577
900578
900579
900580
900581
900582
900583
900584
900585
900586
900587
900588
900589
900590
900591
900592
900593
900594
900595
900596
900597
900598
900599
900600
900601
900602
900603
900604
900605
900606
900607
900608
900609
900610
900611
900612
900613
900614
900615
900616
900617
900618
900619
900620
900621
900622
900623
900624
900625
900626
900627
900628
900629
900630
900631
900632
900633
900634
900635
900636
900637
900638
900639
900640
900641
900642
900643
900644
900645
900646
900647
900648
900649
900650
900651
900652
900653
900654
900655
900656
900657
900658
900659
900660
900661
900662
900663
900664
900665
900666
900667
900668
900669
900670
900671
900672
900673
900674
900675
900676
900677
900678
900679
900680
900681
900682
900683
900684
900685
900686
900687
900688
900689
900690
900691
900692
900693
900694
900695
900696
900697
900698
900699
900700
900701
900702
900703
900704
900705
900706
900707
900708
900709
900710
900711
900712
900713
900714
900715
900716
900717
900718
900719
900720
900721
900722
900723
900724
900725
900726
900727
900728
900729
900730
900731
900732
900733
900734
900735
900736
900737
900738
900739
900740
900741
900742
900743
900744
900745
900746
900747
900748
900749
900750
900751
900752
900753
900754
900755
900756
900757
900758
900759
900760
900761
900762
900763
900764
900765
900766
900767
900768
900769
900770
900771
900772
900773
900774
900775
900776
900777
900778
900779
900780
900781
900782
900783
900784
900785
900786
900787
900788
900789
900790
900791
900792
900793
900794
900795
900796
900797
900798
900799
900800
900801
900802
900803
900804
900805
900806
900807
900808
900809
900810
900811
900812
900813
900814
900815
900816
900817
900818
900819
900820
900821
900822
900823
900824
900825
900826
900827
900828
900829
900830
900831
900832
900833
900834
900835
900836
900837
900838
900839
900840
900841
900842
900843
900844
900845
900846
900847
900848
900849
900850
900851
900852
900853
900854
900855
900856
900857
900858
900859
900860
900861
900862
900863
900864
900865
900866
900867
900868
)


// ************************************************************************* //
