/*--------------------------------*- C++ -*----------------------------------*\
| =========                 |                                                 |
| \\      /  F ield         | OpenFOAM: The Open Source CFD Toolbox           |
|  \\    /   O peration     | Version:  v2106                                 |
|   \\  /    A nd           | Website:  www.openfoam.com                      |
|    \\/     M anipulation  |                                                 |
\*---------------------------------------------------------------------------*/
FoamFile
{
    version     2.0;
    format      binary;
    arch        "LSB;label=32;scalar=64";
    class       faceSet;
    location    "constant/polyMesh/sets";
    object      fs_wirbler_wall;
}
// * * * * * * * * * * * * * * * * * * * * * * * * * * * * * * * * * * * * * //


2008
(
852380
852381
852382
852383
852384
852385
852386
852387
852388
852389
852390
852391
852392
852393
852394
852395
852396
852397
852398
852399
852400
852401
852402
852403
852404
852405
852406
852407
852408
852409
852410
852411
852412
852413
852414
852415
852416
852417
852418
852419
852420
852421
852422
852423
852424
852425
852426
852427
852428
852429
852430
852431
852432
852433
852434
852435
852436
852437
852438
852439
852440
852441
852442
852443
852444
852445
852446
852447
852448
852449
852450
852451
852452
852453
852454
852455
852456
852457
852458
852459
852460
852461
852462
852463
852464
852465
852466
852467
852468
852469
852470
852471
852472
852473
852474
852475
852476
852477
852478
852479
852480
852481
852482
852483
852484
852485
852486
852487
852488
852489
852490
852491
852492
852493
852494
852495
852496
852497
852498
852499
852500
852501
852502
852503
852504
852505
852506
852507
852508
852509
852510
852511
852512
852513
852514
852515
852516
852517
852518
852519
852520
852521
852522
852523
852524
852525
852526
852527
852528
852529
852530
852531
852532
852533
852534
852535
852536
852537
852538
852539
852540
852541
852542
852543
852544
852545
852546
852547
852548
852549
852550
852551
852552
852553
852554
852555
852556
852557
852558
852559
852560
852561
852562
852563
852564
852565
852566
852567
852568
852569
852570
852571
852572
852573
852574
852575
852576
852577
852578
852579
852580
852581
852582
852583
852584
852585
852586
852587
852588
852589
852590
852591
852592
852593
852594
852595
852596
852597
852598
852599
852600
852601
852602
852603
852604
852605
852606
852607
852608
852609
852610
852611
852612
852613
852614
852615
852616
852617
852618
852619
852620
852621
852622
852623
852624
852625
852626
852627
852628
852629
852630
852631
852632
852633
852634
852635
852636
852637
852638
852639
852640
852641
852642
852643
852644
852645
852646
852647
852648
852649
852650
852651
852652
852653
852654
852655
852656
852657
852658
852659
852660
852661
852662
852663
852664
852665
852666
852667
852668
852669
852670
852671
852672
852673
852674
852675
852676
852677
852678
852679
852680
852681
852682
852683
852684
852685
852686
852687
852688
852689
852690
852691
852692
852693
852694
852695
852696
852697
852698
852699
852700
852701
852702
852703
852704
852705
852706
852707
852708
852709
852710
852711
852712
852713
852714
852715
852716
852717
852718
852719
852720
852721
852722
852723
852724
852725
852726
852727
852728
852729
852730
852731
852732
852733
852734
852735
852736
852737
852738
852739
852740
852741
852742
852743
852744
852745
852746
852747
852748
852749
852750
852751
852752
852753
852754
852755
852756
852757
852758
852759
852760
852761
852762
852763
852764
852765
852766
852767
852768
852769
852770
852771
852772
852773
852774
852775
852776
852777
852778
852779
852780
852781
852782
852783
852784
852785
852786
852787
852788
852789
852790
852791
852792
852793
852794
852795
852796
852797
852798
852799
852800
852801
852802
852803
852804
852805
852806
852807
852808
852809
852810
852811
852812
852813
852814
852815
852816
852817
852818
852819
852820
852821
852822
852823
852824
852825
852826
852827
852828
852829
852830
852831
852832
852833
852834
852835
852836
852837
852838
852839
852840
852841
852842
852843
852844
852845
852846
852847
852848
852849
852850
852851
852852
852853
852854
852855
852856
852857
852858
852859
852860
852861
852862
852863
852864
852865
852866
852867
852868
852869
852870
852871
852872
852873
852874
852875
852876
852877
852878
852879
852880
852881
852882
852883
852884
852885
852886
852887
852888
852889
852890
852891
852892
852893
852894
852895
852896
852897
852898
852899
852900
852901
852902
852903
852904
852905
852906
852907
852908
852909
852910
852911
852912
852913
852914
852915
852916
852917
852918
852919
852920
852921
852922
852923
852924
852925
852926
852927
852928
852929
852930
852931
852932
852933
852934
852935
852936
852937
852938
852939
852940
852941
852942
852943
852944
852945
852946
852947
852948
852949
852950
852951
852952
852953
852954
852955
852956
852957
852958
852959
852960
852961
852962
852963
852964
852965
852966
852967
852968
852969
852970
852971
852972
852973
852974
852975
852976
852977
852978
852979
852980
852981
852982
852983
852984
852985
852986
852987
852988
852989
852990
852991
852992
852993
852994
852995
852996
852997
852998
852999
853000
853001
853002
853003
853004
853005
853006
853007
853008
853009
853010
853011
853012
853013
853014
853015
853016
853017
853018
853019
853020
853021
853022
853023
853024
853025
853026
853027
853028
853029
853030
853031
853032
853033
853034
853035
853036
853037
853038
853039
853040
853041
853042
853043
853044
853045
853046
853047
853048
853049
853050
853051
853052
853053
853054
853055
853056
853057
853058
853059
853060
853061
853062
853063
853064
853065
853066
853067
853068
853069
853070
853071
853072
853073
853074
853075
853076
853077
853078
853079
853080
853081
853082
853083
853084
853085
853086
853087
853088
853089
853090
853091
853092
853093
853094
853095
853096
853097
853098
853099
853100
853101
853102
853103
853104
853105
853106
853107
853108
853109
853110
853111
853112
853113
853114
853115
853116
853117
853118
853119
853120
853121
853122
853123
853124
853125
853126
853127
853128
853129
853130
853131
853132
853133
853134
853135
853136
853137
853138
853139
853140
853141
853142
853143
853144
853145
853146
853147
853148
853149
853150
853151
853152
853153
853154
853155
853156
853157
853158
853159
853160
853161
853162
853163
853164
853165
853166
853167
853168
853169
853170
853171
853172
853173
853174
853175
853176
853177
853178
853179
853180
853181
853182
853183
853184
853185
853186
853187
853188
853189
853190
853191
853192
853193
853194
853195
853196
853197
853198
853199
853200
853201
853202
853203
853204
853205
853206
853207
853208
853209
853210
853211
853212
853213
853214
853215
853216
853217
853218
853219
853220
853221
853222
853223
853224
853225
853226
853227
853228
853229
853230
853231
853232
853233
853234
853235
853236
853237
853238
853239
853240
853241
853242
853243
853244
853245
853246
853247
853248
853249
853250
853251
853252
853253
853254
853255
853256
853257
853258
853259
853260
853261
853262
853263
853264
853265
853266
853267
853268
853269
853270
853271
853272
853273
853274
853275
853276
853277
853278
853279
853280
853281
853282
853283
853284
853285
853286
853287
853288
853289
853290
853291
853292
853293
853294
853295
853296
853297
853298
853299
853300
853301
853302
853303
853304
853305
853306
853307
853308
853309
853310
853311
853312
853313
853314
853315
853316
853317
853318
853319
853320
853321
853322
853323
853324
853325
853326
853327
853328
853329
853330
853331
853332
853333
853334
853335
853336
853337
853338
853339
853340
853341
853342
853343
853344
853345
853346
853347
853348
853349
853350
853351
853352
853353
853354
853355
853356
853357
853358
853359
853360
853361
853362
853363
853364
853365
853366
853367
853368
853369
853370
853371
853372
853373
853374
853375
853376
853377
853378
853379
853380
853381
853382
853383
853384
853385
853386
853387
853388
853389
853390
853391
853392
853393
853394
853395
853396
853397
853398
853399
853400
853401
853402
853403
853404
853405
853406
853407
853408
853409
853410
853411
853412
853413
853414
853415
853416
853417
853418
853419
853420
853421
853422
853423
853424
853425
853426
853427
853428
853429
853430
853431
853432
853433
853434
853435
853436
853437
853438
853439
853440
853441
853442
853443
853444
853445
853446
853447
853448
853449
853450
853451
853452
853453
853454
853455
853456
853457
853458
853459
853460
853461
853462
853463
853464
853465
853466
853467
853468
853469
853470
853471
853472
853473
853474
853475
853476
853477
853478
853479
853480
853481
853482
853483
853484
853485
853486
853487
853488
853489
853490
853491
853492
853493
853494
853495
853496
853497
853498
853499
853500
853501
853502
853503
853504
853505
853506
853507
853508
853509
853510
853511
853512
853513
853514
853515
853516
853517
853518
853519
853520
853521
853522
853523
853524
853525
853526
853527
853528
853529
853530
853531
853532
853533
853534
853535
853536
853537
853538
853539
853540
853541
853542
853543
853544
853545
853546
853547
853548
853549
853550
853551
853552
853553
853554
853555
853556
853557
853558
853559
853560
853561
853562
853563
853564
853565
853566
853567
853568
853569
853570
853571
853572
853573
853574
853575
853576
853577
853578
853579
853580
853581
853582
853583
853584
853585
853586
853587
853588
853589
853590
853591
853592
853593
853594
853595
853596
853597
853598
853599
853600
853601
853602
853603
853604
853605
853606
853607
853608
853609
853610
853611
853612
853613
853614
853615
853616
853617
853618
853619
853620
853621
853622
853623
853624
853625
853626
853627
853628
853629
853630
853631
853632
853633
853634
853635
853636
853637
853638
853639
853640
853641
853642
853643
853644
853645
853646
853647
853648
853649
853650
853651
853652
853653
853654
853655
853656
853657
853658
853659
853660
853661
853662
853663
853664
853665
853666
853667
853668
853669
853670
853671
853672
853673
853674
853675
853676
853677
853678
853679
853680
853681
853682
853683
853684
853685
853686
853687
853688
853689
853690
853691
853692
853693
853694
853695
853696
853697
853698
853699
853700
853701
853702
853703
853704
853705
853706
853707
853708
853709
853710
853711
853712
853713
853714
853715
853716
853717
853718
853719
853720
853721
853722
853723
853724
853725
853726
853727
853728
853729
853730
853731
853732
853733
853734
853735
853736
853737
853738
853739
853740
853741
853742
853743
853744
853745
853746
853747
853748
853749
853750
853751
853752
853753
853754
853755
853756
853757
853758
853759
853760
853761
853762
853763
853764
853765
853766
853767
853768
853769
853770
853771
853772
853773
853774
853775
853776
853777
853778
853779
853780
853781
853782
853783
853784
853785
853786
853787
853788
853789
853790
853791
853792
853793
853794
853795
853796
853797
853798
853799
853800
853801
853802
853803
853804
853805
853806
853807
853808
853809
853810
853811
853812
853813
853814
853815
853816
853817
853818
853819
853820
853821
853822
853823
853824
853825
853826
853827
853828
853829
853830
853831
853832
853833
853834
853835
853836
853837
853838
853839
853840
853841
853842
853843
853844
853845
853846
853847
853848
853849
853850
853851
853852
853853
853854
853855
853856
853857
853858
853859
853860
853861
853862
853863
853864
853865
853866
853867
853868
853869
853870
853871
853872
853873
853874
853875
853876
853877
853878
853879
853880
853881
853882
853883
853884
853885
853886
853887
853888
853889
853890
853891
853892
853893
853894
853895
853896
853897
853898
853899
853900
853901
853902
853903
853904
853905
853906
853907
853908
853909
853910
853911
853912
853913
853914
853915
853916
853917
853918
853919
853920
853921
853922
853923
853924
853925
853926
853927
853928
853929
853930
853931
853932
853933
853934
853935
853936
853937
853938
853939
853940
853941
853942
853943
853944
853945
853946
853947
853948
853949
853950
853951
853952
853953
853954
853955
853956
853957
853958
853959
853960
853961
853962
853963
853964
853965
853966
853967
853968
853969
853970
853971
853972
853973
853974
853975
853976
853977
853978
853979
853980
853981
853982
853983
853984
853985
853986
853987
853988
853989
853990
853991
853992
853993
853994
853995
853996
853997
853998
853999
854000
854001
854002
854003
854004
854005
854006
854007
854008
854009
854010
854011
854012
854013
854014
854015
854016
854017
854018
854019
854020
854021
854022
854023
854024
854025
854026
854027
854028
854029
854030
854031
854032
854033
854034
854035
854036
854037
854038
854039
854040
854041
854042
854043
854044
854045
854046
854047
854048
854049
854050
854051
854052
854053
854054
854055
854056
854057
854058
854059
854060
854061
854062
854063
854064
854065
854066
854067
854068
854069
854070
854071
854072
854073
854074
854075
854076
854077
854078
854079
854080
854081
854082
854083
854084
854085
854086
854087
854088
854089
854090
854091
854092
854093
854094
854095
854096
854097
854098
854099
854100
854101
854102
854103
854104
854105
854106
854107
854108
854109
854110
854111
854112
854113
854114
854115
854116
854117
854118
854119
854120
854121
854122
854123
854124
854125
854126
854127
854128
854129
854130
854131
854132
854133
854134
854135
854136
854137
854138
854139
854140
854141
854142
854143
854144
854145
854146
854147
854148
854149
854150
854151
854152
854153
854154
854155
854156
854157
854158
854159
854160
854161
854162
854163
854164
854165
854166
854167
854168
854169
854170
854171
854172
854173
854174
854175
854176
854177
854178
854179
854180
854181
854182
854183
854184
854185
854186
854187
854188
854189
854190
854191
854192
854193
854194
854195
854196
854197
854198
854199
854200
854201
854202
854203
854204
854205
854206
854207
854208
854209
854210
854211
854212
854213
854214
854215
854216
854217
854218
854219
854220
854221
854222
854223
854224
854225
854226
854227
854228
854229
854230
854231
854232
854233
854234
854235
854236
854237
854238
854239
854240
854241
854242
854243
854244
854245
854246
854247
854248
854249
854250
854251
854252
854253
854254
854255
854256
854257
854258
854259
854260
854261
854262
854263
854264
854265
854266
854267
854268
854269
854270
854271
854272
854273
854274
854275
854276
854277
854278
854279
854280
854281
854282
854283
854284
854285
854286
854287
854288
854289
854290
854291
854292
854293
854294
854295
854296
854297
854298
854299
854300
854301
854302
854303
854304
854305
854306
854307
854308
854309
854310
854311
854312
854313
854314
854315
854316
854317
854318
854319
854320
854321
854322
854323
854324
854325
854326
854327
854328
854329
854330
854331
854332
854333
854334
854335
854336
854337
854338
854339
854340
854341
854342
854343
854344
854345
854346
854347
854348
854349
854350
854351
854352
854353
854354
854355
854356
854357
854358
854359
854360
854361
854362
854363
854364
854365
854366
854367
854368
854369
854370
854371
854372
854373
854374
854375
854376
854377
854378
854379
854380
854381
854382
854383
854384
854385
854386
854387
)


// ************************************************************************* //
