/*--------------------------------*- C++ -*----------------------------------*\
| =========                 |                                                 |
| \\      /  F ield         | OpenFOAM: The Open Source CFD Toolbox           |
|  \\    /   O peration     | Version:  v2012                                 |
|   \\  /    A nd           | Website:  www.openfoam.com                      |
|    \\/     M anipulation  |                                                 |
\*---------------------------------------------------------------------------*/
FoamFile
{
    version     2.0;
    format      binary;
    class       faceSet;
    arch        "LSB;label=32;scalar=64";
    location    "constant/polyMesh/sets";
    object      fz_schaufelTop_ami;
}
// * * * * * * * * * * * * * * * * * * * * * * * * * * * * * * * * * * * * * //


5424
(
868352
868353
868354
868355
868356
868357
868358
868359
868360
868361
868362
868363
868364
868365
868366
868367
868368
868369
868370
868371
868372
868373
868374
868375
868376
868377
868378
868379
868380
868381
868382
868383
868384
868385
868386
868387
868388
868389
868390
868391
868392
868393
868394
868395
868396
868397
868398
868399
868400
868401
868402
868403
868404
868405
868406
868407
868408
868409
868410
868411
868412
868413
868414
868415
868416
868417
868418
868419
868420
868421
868422
868423
868424
868425
868426
868427
868428
868429
868430
868431
868432
868433
868434
868435
868436
868437
868438
868439
868440
868441
868442
868443
868444
868445
868446
868447
868448
868449
868450
868451
868452
868453
868454
868455
868456
868457
868458
868459
868460
868461
868462
868463
868464
868465
868466
868467
868468
868469
868470
868471
868472
868473
868474
868475
868476
868477
868478
868479
868480
868481
868482
868483
868484
868485
868486
868487
868488
868489
868490
868491
868492
868493
868494
868495
868496
868497
868498
868499
868500
868501
868502
868503
868504
868505
868506
868507
868508
868509
868510
868511
868512
868513
868514
868515
868516
868517
868518
868519
868520
868521
868522
868523
868524
868525
868526
868527
868528
868529
868530
868531
868532
868533
868534
868535
868536
868537
868538
868539
868540
868541
868542
868543
868544
868545
868546
868547
868548
868549
868550
868551
868552
868553
868554
868555
868556
868557
868558
868559
868560
868561
868562
868563
868564
868565
868566
868567
868568
868569
868570
868571
868572
868573
868574
868575
868576
868577
868578
868579
868580
868581
868582
868583
868584
868585
868586
868587
868588
868589
868590
868591
868592
868593
868594
868595
868596
868597
868598
868599
868600
868601
868602
868603
868604
868605
868606
868607
868608
868609
868610
868611
868612
868613
868614
868615
868616
868617
868618
868619
868620
868621
868622
868623
868624
868625
868626
868627
868628
868629
868630
868631
868632
868633
868634
868635
868636
868637
868638
868639
868640
868641
868642
868643
868644
868645
868646
868647
868648
868649
868650
868651
868652
868653
868654
868655
868656
868657
868658
868659
868660
868661
868662
868663
868664
868665
868666
868667
868668
868669
868670
868671
868672
868673
868674
868675
868676
868677
868678
868679
868680
868681
868682
868683
868684
868685
868686
868687
868688
868689
868690
868691
868692
868693
868694
868695
868696
868697
868698
868699
868700
868701
868702
868703
868704
868705
868706
868707
868708
868709
868710
868711
868712
868713
868714
868715
868716
868717
868718
868719
868720
868721
868722
868723
868724
868725
868726
868727
868728
868729
868730
868731
868732
868733
868734
868735
868736
868737
868738
868739
868740
868741
868742
868743
868744
868745
868746
868747
868748
868749
868750
868751
868752
868753
868754
868755
868756
868757
868758
868759
868760
868761
868762
868763
868764
868765
868766
868767
868768
868769
868770
868771
868772
868773
868774
868775
868776
868777
868778
868779
868780
868781
868782
868783
868784
868785
868786
868787
868788
868789
868790
868791
868792
868793
868794
868795
868796
868797
868798
868799
868800
868801
868802
868803
868804
868805
868806
868807
868808
868809
868810
868811
868812
868813
868814
868815
868816
868817
868818
868819
868820
868821
868822
868823
868824
868825
868826
868827
868828
868829
868830
868831
868832
868833
868834
868835
868836
868837
868838
868839
868840
868841
868842
868843
868844
868845
868846
868847
868848
868849
868850
868851
868852
868853
868854
868855
868856
868857
868858
868859
868860
868861
868862
868863
868864
868865
868866
868867
868868
868869
868870
868871
868872
868873
868874
868875
868876
868877
868878
868879
868880
868881
868882
868883
868884
868885
868886
868887
868888
868889
868890
868891
868892
868893
868894
868895
868896
868897
868898
868899
868900
868901
868902
868903
868904
868905
868906
868907
868908
868909
868910
868911
868912
868913
868914
868915
868916
868917
868918
868919
868920
868921
868922
868923
868924
868925
868926
868927
868928
868929
868930
868931
868932
868933
868934
868935
868936
868937
868938
868939
868940
868941
868942
868943
868944
868945
868946
868947
868948
868949
868950
868951
868952
868953
868954
868955
868956
868957
868958
868959
868960
868961
868962
868963
868964
868965
868966
868967
868968
868969
868970
868971
868972
868973
868974
868975
868976
868977
868978
868979
868980
868981
868982
868983
868984
868985
868986
868987
868988
868989
868990
868991
868992
868993
868994
868995
868996
868997
868998
868999
869000
869001
869002
869003
869004
869005
869006
869007
869008
869009
869010
869011
869012
869013
869014
869015
869016
869017
869018
869019
869020
869021
869022
869023
869024
869025
869026
869027
869028
869029
869030
869031
869032
869033
869034
869035
869036
869037
869038
869039
869040
869041
869042
869043
869044
869045
869046
869047
869048
869049
869050
869051
869052
869053
869054
869055
869056
869057
869058
869059
869060
869061
869062
869063
869064
869065
869066
869067
869068
869069
869070
869071
869072
869073
869074
869075
869076
869077
869078
869079
869080
869081
869082
869083
869084
869085
869086
869087
869088
869089
869090
869091
869092
869093
869094
869095
869096
869097
869098
869099
869100
869101
869102
869103
869104
869105
869106
869107
869108
869109
869110
869111
869112
869113
869114
869115
869116
869117
869118
869119
869120
869121
869122
869123
869124
869125
869126
869127
869128
869129
869130
869131
869132
869133
869134
869135
869136
869137
869138
869139
869140
869141
869142
869143
869144
869145
869146
869147
869148
869149
869150
869151
869152
869153
869154
869155
869156
869157
869158
869159
869160
869161
869162
869163
869164
869165
869166
869167
869168
869169
869170
869171
869172
869173
869174
869175
869176
869177
869178
869179
869180
869181
869182
869183
869184
869185
869186
869187
869188
869189
869190
869191
869192
869193
869194
869195
869196
869197
869198
869199
869200
869201
869202
869203
869204
869205
869206
869207
869208
869209
869210
869211
869212
869213
869214
869215
869216
869217
869218
869219
869220
869221
869222
869223
869224
869225
869226
869227
869228
869229
869230
869231
869232
869233
869234
869235
869236
869237
869238
869239
869240
869241
869242
869243
869244
869245
869246
869247
869248
869249
869250
869251
869252
869253
869254
869255
869256
869257
869258
869259
869260
869261
869262
869263
869264
869265
869266
869267
869268
869269
869270
869271
869272
869273
869274
869275
869276
869277
869278
869279
869280
869281
869282
869283
869284
869285
869286
869287
869288
869289
869290
869291
869292
869293
869294
869295
869296
869297
869298
869299
869300
869301
869302
869303
869304
869305
869306
869307
869308
869309
869310
869311
869312
869313
869314
869315
869316
869317
869318
869319
869320
869321
869322
869323
869324
869325
869326
869327
869328
869329
869330
869331
869332
869333
869334
869335
869336
869337
869338
869339
869340
869341
869342
869343
869344
869345
869346
869347
869348
869349
869350
869351
869352
869353
869354
869355
869356
869357
869358
869359
869360
869361
869362
869363
869364
869365
869366
869367
869368
869369
869370
869371
869372
869373
869374
869375
869376
869377
869378
869379
869380
869381
869382
869383
869384
869385
869386
869387
869388
869389
869390
869391
869392
869393
869394
869395
869396
869397
869398
869399
869400
869401
869402
869403
869404
869405
869406
869407
869408
869409
869410
869411
869412
869413
869414
869415
869416
869417
869418
869419
869420
869421
869422
869423
869424
869425
869426
869427
869428
869429
869430
869431
869432
869433
869434
869435
869436
869437
869438
869439
869440
869441
869442
869443
869444
869445
869446
869447
869448
869449
869450
869451
869452
869453
869454
869455
869456
869457
869458
869459
869460
869461
869462
869463
869464
869465
869466
869467
869468
869469
869470
869471
869472
869473
869474
869475
869476
869477
869478
869479
869480
869481
869482
869483
869484
869485
869486
869487
869488
869489
869490
869491
869492
869493
869494
869495
869496
869497
869498
869499
869500
869501
869502
869503
869504
869505
869506
869507
869508
869509
869510
869511
869512
869513
869514
869515
869516
869517
869518
869519
869520
869521
869522
869523
869524
869525
869526
869527
869528
869529
869530
869531
869532
869533
869534
869535
869536
869537
869538
869539
869540
869541
869542
869543
869544
869545
869546
869547
869548
869549
869550
869551
869552
869553
869554
869555
869556
869557
869558
869559
869560
869561
869562
869563
869564
869565
869566
869567
869568
869569
869570
869571
869572
869573
869574
869575
869576
869577
869578
869579
869580
869581
869582
869583
869584
869585
869586
869587
869588
869589
869590
869591
869592
869593
869594
869595
869596
869597
869598
869599
869600
869601
869602
869603
869604
869605
869606
869607
869608
869609
869610
869611
869612
869613
869614
869615
869616
869617
869618
869619
869620
869621
869622
869623
869624
869625
869626
869627
869628
869629
869630
869631
869632
869633
869634
869635
869636
869637
869638
869639
869640
869641
869642
869643
869644
869645
869646
869647
869648
869649
869650
869651
869652
869653
869654
869655
869656
869657
869658
869659
869660
869661
869662
869663
869664
869665
869666
869667
869668
869669
869670
869671
869672
869673
869674
869675
869676
869677
869678
869679
869680
869681
869682
869683
869684
869685
869686
869687
869688
869689
869690
869691
869692
869693
869694
869695
869696
869697
869698
869699
869700
869701
869702
869703
869704
869705
869706
869707
869708
869709
869710
869711
869712
869713
869714
869715
869716
869717
869718
869719
869720
869721
869722
869723
869724
869725
869726
869727
869728
869729
869730
869731
869732
869733
869734
869735
869736
869737
869738
869739
869740
869741
869742
869743
869744
869745
869746
869747
869748
869749
869750
869751
869752
869753
869754
869755
869756
869757
869758
869759
869760
869761
869762
869763
869764
869765
869766
869767
869768
869769
869770
869771
869772
869773
869774
869775
869776
869777
869778
869779
869780
869781
869782
869783
869784
869785
869786
869787
869788
869789
869790
869791
869792
869793
869794
869795
869796
869797
869798
869799
869800
869801
869802
869803
869804
869805
869806
869807
869808
869809
869810
869811
869812
869813
869814
869815
869816
869817
869818
869819
869820
869821
869822
869823
869824
869825
869826
869827
869828
869829
869830
869831
869832
869833
869834
869835
869836
869837
869838
869839
869840
869841
869842
869843
869844
869845
869846
869847
869848
869849
869850
869851
869852
869853
869854
869855
869856
869857
869858
869859
869860
869861
869862
869863
869864
869865
869866
869867
869868
869869
869870
869871
869872
869873
869874
869875
869876
869877
869878
869879
869880
869881
869882
869883
869884
869885
869886
869887
869888
869889
869890
869891
869892
869893
869894
869895
869896
869897
869898
869899
869900
869901
869902
869903
869904
869905
869906
869907
869908
869909
869910
869911
869912
869913
869914
869915
869916
869917
869918
869919
869920
869921
869922
869923
869924
869925
869926
869927
869928
869929
869930
869931
869932
869933
869934
869935
869936
869937
869938
869939
869940
869941
869942
869943
869944
869945
869946
869947
869948
869949
869950
869951
869952
869953
869954
869955
869956
869957
869958
869959
869960
869961
869962
869963
869964
869965
869966
869967
869968
869969
869970
869971
869972
869973
869974
869975
869976
869977
869978
869979
869980
869981
869982
869983
869984
869985
869986
869987
869988
869989
869990
869991
869992
869993
869994
869995
869996
869997
869998
869999
870000
870001
870002
870003
870004
870005
870006
870007
870008
870009
870010
870011
870012
870013
870014
870015
870016
870017
870018
870019
870020
870021
870022
870023
870024
870025
870026
870027
870028
870029
870030
870031
870032
870033
870034
870035
870036
870037
870038
870039
870040
870041
870042
870043
870044
870045
870046
870047
870048
870049
870050
870051
870052
870053
870054
870055
870056
870057
870058
870059
870060
870061
870062
870063
870064
870065
870066
870067
870068
870069
870070
870071
870072
870073
870074
870075
870076
870077
870078
870079
870080
870081
870082
870083
870084
870085
870086
870087
870088
870089
870090
870091
870092
870093
870094
870095
870096
870097
870098
870099
870100
870101
870102
870103
870104
870105
870106
870107
870108
870109
870110
870111
870112
870113
870114
870115
870116
870117
870118
870119
870120
870121
870122
870123
870124
870125
870126
870127
870128
870129
870130
870131
870132
870133
870134
870135
870136
870137
870138
870139
870140
870141
870142
870143
870144
870145
870146
870147
870148
870149
870150
870151
870152
870153
870154
870155
870156
870157
870158
870159
870160
870161
870162
870163
870164
870165
870166
870167
870168
870169
870170
870171
870172
870173
870174
870175
870176
870177
870178
870179
870180
870181
870182
870183
870184
870185
870186
870187
870188
870189
870190
870191
870192
870193
870194
870195
870196
870197
870198
870199
870200
870201
870202
870203
870204
870205
870206
870207
870208
870209
870210
870211
870212
870213
870214
870215
870216
870217
870218
870219
870220
870221
870222
870223
870224
870225
870226
870227
870228
870229
870230
870231
870232
870233
870234
870235
870236
870237
870238
870239
870240
870241
870242
870243
870244
870245
870246
870247
870248
870249
870250
870251
870252
870253
870254
870255
870256
870257
870258
870259
870260
870261
870262
870263
870264
870265
870266
870267
870268
870269
870270
870271
870272
870273
870274
870275
870276
870277
870278
870279
870280
870281
870282
870283
870284
870285
870286
870287
870288
870289
870290
870291
870292
870293
870294
870295
870296
870297
870298
870299
870300
870301
870302
870303
870304
870305
870306
870307
870308
870309
870310
870311
870312
870313
870314
870315
870316
870317
870318
870319
870320
870321
870322
870323
870324
870325
870326
870327
870328
870329
870330
870331
870332
870333
870334
870335
870336
870337
870338
870339
870340
870341
870342
870343
870344
870345
870346
870347
870348
870349
870350
870351
870352
870353
870354
870355
870356
870357
870358
870359
870360
870361
870362
870363
870364
870365
870366
870367
870368
870369
870370
870371
870372
870373
870374
870375
870376
870377
870378
870379
870380
870381
870382
870383
870384
870385
870386
870387
870388
870389
870390
870391
870392
870393
870394
870395
870396
870397
870398
870399
870400
870401
870402
870403
870404
870405
870406
870407
870408
870409
870410
870411
870412
870413
870414
870415
870416
870417
870418
870419
870420
870421
870422
870423
870424
870425
870426
870427
870428
870429
870430
870431
870432
870433
870434
870435
870436
870437
870438
870439
870440
870441
870442
870443
870444
870445
870446
870447
870448
870449
870450
870451
870452
870453
870454
870455
870456
870457
870458
870459
870460
870461
870462
870463
870464
870465
870466
870467
870468
870469
870470
870471
870472
870473
870474
870475
870476
870477
870478
870479
870480
870481
870482
870483
870484
870485
870486
870487
870488
870489
870490
870491
870492
870493
870494
870495
870496
870497
870498
870499
870500
870501
870502
870503
870504
870505
870506
870507
870508
870509
870510
870511
870512
870513
870514
870515
870516
870517
870518
870519
870520
870521
870522
870523
870524
870525
870526
870527
870528
870529
870530
870531
870532
870533
870534
870535
870536
870537
870538
870539
870540
870541
870542
870543
870544
870545
870546
870547
870548
870549
870550
870551
870552
870553
870554
870555
870556
870557
870558
870559
870560
870561
870562
870563
870564
870565
870566
870567
870568
870569
870570
870571
870572
870573
870574
870575
870576
870577
870578
870579
870580
870581
870582
870583
870584
870585
870586
870587
870588
870589
870590
870591
870592
870593
870594
870595
870596
870597
870598
870599
870600
870601
870602
870603
870604
870605
870606
870607
870608
870609
870610
870611
870612
870613
870614
870615
870616
870617
870618
870619
870620
870621
870622
870623
870624
870625
870626
870627
870628
870629
870630
870631
870632
870633
870634
870635
870636
870637
870638
870639
870640
870641
870642
870643
870644
870645
870646
870647
870648
870649
870650
870651
870652
870653
870654
870655
870656
870657
870658
870659
870660
870661
870662
870663
870664
870665
870666
870667
870668
870669
870670
870671
870672
870673
870674
870675
870676
870677
870678
870679
870680
870681
870682
870683
870684
870685
870686
870687
870688
870689
870690
870691
870692
870693
870694
870695
870696
870697
870698
870699
870700
870701
870702
870703
870704
870705
870706
870707
870708
870709
870710
870711
870712
870713
870714
870715
870716
870717
870718
870719
870720
870721
870722
870723
870724
870725
870726
870727
870728
870729
870730
870731
870732
870733
870734
870735
870736
870737
870738
870739
870740
870741
870742
870743
870744
870745
870746
870747
870748
870749
870750
870751
870752
870753
870754
870755
870756
870757
870758
870759
870760
870761
870762
870763
870764
870765
870766
870767
870768
870769
870770
870771
870772
870773
870774
870775
870776
870777
870778
870779
870780
870781
870782
870783
870784
870785
870786
870787
870788
870789
870790
870791
870792
870793
870794
870795
870796
870797
870798
870799
870800
870801
870802
870803
870804
870805
870806
870807
870808
870809
870810
870811
870812
870813
870814
870815
870816
870817
870818
870819
870820
870821
870822
870823
870824
870825
870826
870827
870828
870829
870830
870831
870832
870833
870834
870835
870836
870837
870838
870839
870840
870841
870842
870843
870844
870845
870846
870847
870848
870849
870850
870851
870852
870853
870854
870855
870856
870857
870858
870859
870860
870861
870862
870863
870864
870865
870866
870867
870868
870869
870870
870871
870872
870873
870874
870875
870876
870877
870878
870879
870880
870881
870882
870883
870884
870885
870886
870887
870888
870889
870890
870891
870892
870893
870894
870895
870896
870897
870898
870899
870900
870901
870902
870903
870904
870905
870906
870907
870908
870909
870910
870911
870912
870913
870914
870915
870916
870917
870918
870919
870920
870921
870922
870923
870924
870925
870926
870927
870928
870929
870930
870931
870932
870933
870934
870935
870936
870937
870938
870939
870940
870941
870942
870943
870944
870945
870946
870947
870948
870949
870950
870951
870952
870953
870954
870955
870956
870957
870958
870959
870960
870961
870962
870963
870964
870965
870966
870967
870968
870969
870970
870971
870972
870973
870974
870975
870976
870977
870978
870979
870980
870981
870982
870983
870984
870985
870986
870987
870988
870989
870990
870991
870992
870993
870994
870995
870996
870997
870998
870999
871000
871001
871002
871003
871004
871005
871006
871007
871008
871009
871010
871011
871012
871013
871014
871015
871016
871017
871018
871019
871020
871021
871022
871023
871024
871025
871026
871027
871028
871029
871030
871031
871032
871033
871034
871035
871036
871037
871038
871039
871040
871041
871042
871043
871044
871045
871046
871047
871048
871049
871050
871051
871052
871053
871054
871055
871056
871057
871058
871059
871060
871061
871062
871063
871064
871065
871066
871067
871068
871069
871070
871071
871072
871073
871074
871075
871076
871077
871078
871079
871080
871081
871082
871083
871084
871085
871086
871087
871088
871089
871090
871091
871092
871093
871094
871095
871096
871097
871098
871099
871100
871101
871102
871103
871104
871105
871106
871107
871108
871109
871110
871111
871112
871113
871114
871115
871116
871117
871118
871119
871120
871121
871122
871123
871124
871125
871126
871127
871128
871129
871130
871131
871132
871133
871134
871135
871136
871137
871138
871139
871140
871141
871142
871143
871144
871145
871146
871147
871148
871149
871150
871151
871152
871153
871154
871155
871156
871157
871158
871159
871160
871161
871162
871163
871164
871165
871166
871167
871168
871169
871170
871171
871172
871173
871174
871175
871176
871177
871178
871179
871180
871181
871182
871183
871184
871185
871186
871187
871188
871189
871190
871191
871192
871193
871194
871195
871196
871197
871198
871199
871200
871201
871202
871203
871204
871205
871206
871207
871208
871209
871210
871211
871212
871213
871214
871215
871216
871217
871218
871219
871220
871221
871222
871223
871224
871225
871226
871227
871228
871229
871230
871231
871232
871233
871234
871235
871236
871237
871238
871239
871240
871241
871242
871243
871244
871245
871246
871247
871248
871249
871250
871251
871252
871253
871254
871255
871256
871257
871258
871259
871260
871261
871262
871263
871264
871265
871266
871267
871268
871269
871270
871271
871272
871273
871274
871275
871276
871277
871278
871279
871280
871281
871282
871283
871284
871285
871286
871287
871288
871289
871290
871291
871292
871293
871294
871295
871296
871297
871298
871299
871300
871301
871302
871303
871304
871305
871306
871307
871308
871309
871310
871311
871312
871313
871314
871315
871316
871317
871318
871319
871320
871321
871322
871323
871324
871325
871326
871327
871328
871329
871330
871331
871332
871333
871334
871335
871336
871337
871338
871339
871340
871341
871342
871343
871344
871345
871346
871347
871348
871349
871350
871351
871352
871353
871354
871355
871356
871357
871358
871359
871360
871361
871362
871363
871364
871365
871366
871367
871368
871369
871370
871371
871372
871373
871374
871375
871376
871377
871378
871379
871380
871381
871382
871383
871384
871385
871386
871387
871388
871389
871390
871391
871392
871393
871394
871395
871396
871397
871398
871399
871400
871401
871402
871403
871404
871405
871406
871407
871408
871409
871410
871411
871412
871413
871414
871415
871416
871417
871418
871419
871420
871421
871422
871423
871424
871425
871426
871427
871428
871429
871430
871431
871432
871433
871434
871435
871436
871437
871438
871439
871440
871441
871442
871443
871444
871445
871446
871447
871448
871449
871450
871451
871452
871453
871454
871455
871456
871457
871458
871459
871460
871461
871462
871463
871464
871465
871466
871467
871468
871469
871470
871471
871472
871473
871474
871475
871476
871477
871478
871479
871480
871481
871482
871483
871484
871485
871486
871487
871488
871489
871490
871491
871492
871493
871494
871495
871496
871497
871498
871499
871500
871501
871502
871503
871504
871505
871506
871507
871508
871509
871510
871511
871512
871513
871514
871515
871516
871517
871518
871519
871520
871521
871522
871523
871524
871525
871526
871527
871528
871529
871530
871531
871532
871533
871534
871535
871536
871537
871538
871539
871540
871541
871542
871543
871544
871545
871546
871547
871548
871549
871550
871551
871552
871553
871554
871555
871556
871557
871558
871559
871560
871561
871562
871563
871564
871565
871566
871567
871568
871569
871570
871571
871572
871573
871574
871575
871576
871577
871578
871579
871580
871581
871582
871583
871584
871585
871586
871587
871588
871589
871590
871591
871592
871593
871594
871595
871596
871597
871598
871599
871600
871601
871602
871603
871604
871605
871606
871607
871608
871609
871610
871611
871612
871613
871614
871615
871616
871617
871618
871619
871620
871621
871622
871623
871624
871625
871626
871627
871628
871629
871630
871631
871632
871633
871634
871635
871636
871637
871638
871639
871640
871641
871642
871643
871644
871645
871646
871647
871648
871649
871650
871651
871652
871653
871654
871655
871656
871657
871658
871659
871660
871661
871662
871663
871664
871665
871666
871667
871668
871669
871670
871671
871672
871673
871674
871675
871676
871677
871678
871679
871680
871681
871682
871683
871684
871685
871686
871687
871688
871689
871690
871691
871692
871693
871694
871695
871696
871697
871698
871699
871700
871701
871702
871703
871704
871705
871706
871707
871708
871709
871710
871711
871712
871713
871714
871715
871716
871717
871718
871719
871720
871721
871722
871723
871724
871725
871726
871727
871728
871729
871730
871731
871732
871733
871734
871735
871736
871737
871738
871739
871740
871741
871742
871743
871744
871745
871746
871747
871748
871749
871750
871751
871752
871753
871754
871755
871756
871757
871758
871759
871760
871761
871762
871763
871764
871765
871766
871767
871768
871769
871770
871771
871772
871773
871774
871775
871776
871777
871778
871779
871780
871781
871782
871783
871784
871785
871786
871787
871788
871789
871790
871791
871792
871793
871794
871795
871796
871797
871798
871799
871800
871801
871802
871803
871804
871805
871806
871807
871808
871809
871810
871811
871812
871813
871814
871815
871816
871817
871818
871819
871820
871821
871822
871823
871824
871825
871826
871827
871828
871829
871830
871831
871832
871833
871834
871835
871836
871837
871838
871839
871840
871841
871842
871843
871844
871845
871846
871847
871848
871849
871850
871851
871852
871853
871854
871855
871856
871857
871858
871859
871860
871861
871862
871863
871864
871865
871866
871867
871868
871869
871870
871871
871872
871873
871874
871875
871876
871877
871878
871879
871880
871881
871882
871883
871884
871885
871886
871887
871888
871889
871890
871891
871892
871893
871894
871895
871896
871897
871898
871899
871900
871901
871902
871903
871904
871905
871906
871907
871908
871909
871910
871911
871912
871913
871914
871915
871916
871917
871918
871919
871920
871921
871922
871923
871924
871925
871926
871927
871928
871929
871930
871931
871932
871933
871934
871935
871936
871937
871938
871939
871940
871941
871942
871943
871944
871945
871946
871947
871948
871949
871950
871951
871952
871953
871954
871955
871956
871957
871958
871959
871960
871961
871962
871963
871964
871965
871966
871967
871968
871969
871970
871971
871972
871973
871974
871975
871976
871977
871978
871979
871980
871981
871982
871983
871984
871985
871986
871987
871988
871989
871990
871991
871992
871993
871994
871995
871996
871997
871998
871999
872000
872001
872002
872003
872004
872005
872006
872007
872008
872009
872010
872011
872012
872013
872014
872015
872016
872017
872018
872019
872020
872021
872022
872023
872024
872025
872026
872027
872028
872029
872030
872031
872032
872033
872034
872035
872036
872037
872038
872039
872040
872041
872042
872043
872044
872045
872046
872047
872048
872049
872050
872051
872052
872053
872054
872055
872056
872057
872058
872059
872060
872061
872062
872063
872064
872065
872066
872067
872068
872069
872070
872071
872072
872073
872074
872075
872076
872077
872078
872079
872080
872081
872082
872083
872084
872085
872086
872087
872088
872089
872090
872091
872092
872093
872094
872095
872096
872097
872098
872099
872100
872101
872102
872103
872104
872105
872106
872107
872108
872109
872110
872111
872112
872113
872114
872115
872116
872117
872118
872119
872120
872121
872122
872123
872124
872125
872126
872127
872128
872129
872130
872131
872132
872133
872134
872135
872136
872137
872138
872139
872140
872141
872142
872143
872144
872145
872146
866723
866724
866725
866726
866727
866728
866729
866730
866731
866732
866733
866734
866735
866736
866737
866738
866739
866740
866741
866742
866743
866744
866745
866746
866747
866748
866749
866750
866751
866752
866753
866754
866755
866756
866757
866758
866759
866760
866761
866762
866763
866764
866765
866766
866767
866768
866769
866770
866771
866772
866773
866774
866775
866776
866777
866778
866779
866780
866781
866782
866783
866784
866785
866786
866787
866788
866789
866790
866791
866792
866793
866794
866795
866796
866797
866798
866799
866800
866801
866802
866803
866804
866805
866806
866807
866808
866809
866810
866811
866812
866813
866814
866815
866816
866817
866818
866819
866820
866821
866822
866823
866824
866825
866826
866827
866828
866829
866830
866831
866832
866833
866834
866835
866836
866837
866838
866839
866840
866841
866842
866843
866844
866845
866846
866847
866848
866849
866850
866851
866852
866853
866854
866855
866856
866857
866858
866859
866860
866861
866862
866863
866864
866865
866866
866867
866868
866869
866870
866871
866872
866873
866874
866875
866876
866877
866878
866879
866880
866881
866882
866883
866884
866885
866886
866887
866888
866889
866890
866891
866892
866893
866894
866895
866896
866897
866898
866899
866900
866901
866902
866903
866904
866905
866906
866907
866908
866909
866910
866911
866912
866913
866914
866915
866916
866917
866918
866919
866920
866921
866922
866923
866924
866925
866926
866927
866928
866929
866930
866931
866932
866933
866934
866935
866936
866937
866938
866939
866940
866941
866942
866943
866944
866945
866946
866947
866948
866949
866950
866951
866952
866953
866954
866955
866956
866957
866958
866959
866960
866961
866962
866963
866964
866965
866966
866967
866968
866969
866970
866971
866972
866973
866974
866975
866976
866977
866978
866979
866980
866981
866982
866983
866984
866985
866986
866987
866988
866989
866990
866991
866992
866993
866994
866995
866996
866997
866998
866999
867000
867001
867002
867003
867004
867005
867006
867007
867008
867009
867010
867011
867012
867013
867014
867015
867016
867017
867018
867019
867020
867021
867022
867023
867024
867025
867026
867027
867028
867029
867030
867031
867032
867033
867034
867035
867036
867037
867038
867039
867040
867041
867042
867043
867044
867045
867046
867047
867048
867049
867050
867051
867052
867053
867054
867055
867056
867057
867058
867059
867060
867061
867062
867063
867064
867065
867066
867067
867068
867069
867070
867071
867072
867073
867074
867075
867076
867077
867078
867079
867080
867081
867082
867083
867084
867085
867086
867087
867088
867089
867090
867091
867092
867093
867094
867095
867096
867097
867098
867099
867100
867101
867102
867103
867104
867105
867106
867107
867108
867109
867110
867111
867112
867113
867114
867115
867116
867117
867118
867119
867120
867121
867122
867123
867124
867125
867126
867127
867128
867129
867130
867131
867132
867133
867134
867135
867136
867137
867138
867139
867140
867141
867142
867143
867144
867145
867146
867147
867148
867149
867150
867151
867152
867153
867154
867155
867156
867157
867158
867159
867160
867161
867162
867163
867164
867165
867166
867167
867168
867169
867170
867171
867172
867173
867174
867175
867176
867177
867178
867179
867180
867181
867182
867183
867184
867185
867186
867187
867188
867189
867190
867191
867192
867193
867194
867195
867196
867197
867198
867199
867200
867201
867202
867203
867204
867205
867206
867207
867208
867209
867210
867211
867212
867213
867214
867215
867216
867217
867218
867219
867220
867221
867222
867223
867224
867225
867226
867227
867228
867229
867230
867231
867232
867233
867234
867235
867236
867237
867238
867239
867240
867241
867242
867243
867244
867245
867246
867247
867248
867249
867250
867251
867252
867253
867254
867255
867256
867257
867258
867259
867260
867261
867262
867263
867264
867265
867266
867267
867268
867269
867270
867271
867272
867273
867274
867275
867276
867277
867278
867279
867280
867281
867282
867283
867284
867285
867286
867287
867288
867289
867290
867291
867292
867293
867294
867295
867296
867297
867298
867299
867300
867301
867302
867303
867304
867305
867306
867307
867308
867309
867310
867311
867312
867313
867314
867315
867316
867317
867318
867319
867320
867321
867322
867323
867324
867325
867326
867327
867328
867329
867330
867331
867332
867333
867334
867335
867336
867337
867338
867339
867340
867341
867342
867343
867344
867345
867346
867347
867348
867349
867350
867351
867352
867353
867354
867355
867356
867357
867358
867359
867360
867361
867362
867363
867364
867365
867366
867367
867368
867369
867370
867371
867372
867373
867374
867375
867376
867377
867378
867379
867380
867381
867382
867383
867384
867385
867386
867387
867388
867389
867390
867391
867392
867393
867394
867395
867396
867397
867398
867399
867400
867401
867402
867403
867404
867405
867406
867407
867408
867409
867410
867411
867412
867413
867414
867415
867416
867417
867418
867419
867420
867421
867422
867423
867424
867425
867426
867427
867428
867429
867430
867431
867432
867433
867434
867435
867436
867437
867438
867439
867440
867441
867442
867443
867444
867445
867446
867447
867448
867449
867450
867451
867452
867453
867454
867455
867456
867457
867458
867459
867460
867461
867462
867463
867464
867465
867466
867467
867468
867469
867470
867471
867472
867473
867474
867475
867476
867477
867478
867479
867480
867481
867482
867483
867484
867485
867486
867487
867488
867489
867490
867491
867492
867493
867494
867495
867496
867497
867498
867499
867500
867501
867502
867503
867504
867505
867506
867507
867508
867509
867510
867511
867512
867513
867514
867515
867516
867517
867518
867519
867520
867521
867522
867523
867524
867525
867526
867527
867528
867529
867530
867531
867532
867533
867534
867535
867536
867537
867538
867539
867540
867541
867542
867543
867544
867545
867546
867547
867548
867549
867550
867551
867552
867553
867554
867555
867556
867557
867558
867559
867560
867561
867562
867563
867564
867565
867566
867567
867568
867569
867570
867571
867572
867573
867574
867575
867576
867577
867578
867579
867580
867581
867582
867583
867584
867585
867586
867587
867588
867589
867590
867591
867592
867593
867594
867595
867596
867597
867598
867599
867600
867601
867602
867603
867604
867605
867606
867607
867608
867609
867610
867611
867612
867613
867614
867615
867616
867617
867618
867619
867620
867621
867622
867623
867624
867625
867626
867627
867628
867629
867630
867631
867632
867633
867634
867635
867636
867637
867638
867639
867640
867641
867642
867643
867644
867645
867646
867647
867648
867649
867650
867651
867652
867653
867654
867655
867656
867657
867658
867659
867660
867661
867662
867663
867664
867665
867666
867667
867668
867669
867670
867671
867672
867673
867674
867675
867676
867677
867678
867679
867680
867681
867682
867683
867684
867685
867686
867687
867688
867689
867690
867691
867692
867693
867694
867695
867696
867697
867698
867699
867700
867701
867702
867703
867704
867705
867706
867707
867708
867709
867710
867711
867712
867713
867714
867715
867716
867717
867718
867719
867720
867721
867722
867723
867724
867725
867726
867727
867728
867729
867730
867731
867732
867733
867734
867735
867736
867737
867738
867739
867740
867741
867742
867743
867744
867745
867746
867747
867748
867749
867750
867751
867752
867753
867754
867755
867756
867757
867758
867759
867760
867761
867762
867763
867764
867765
867766
867767
867768
867769
867770
867771
867772
867773
867774
867775
867776
867777
867778
867779
867780
867781
867782
867783
867784
867785
867786
867787
867788
867789
867790
867791
867792
867793
867794
867795
867796
867797
867798
867799
867800
867801
867802
867803
867804
867805
867806
867807
867808
867809
867810
867811
867812
867813
867814
867815
867816
867817
867818
867819
867820
867821
867822
867823
867824
867825
867826
867827
867828
867829
867830
867831
867832
867833
867834
867835
867836
867837
867838
867839
867840
867841
867842
867843
867844
867845
867846
867847
867848
867849
867850
867851
867852
867853
867854
867855
867856
867857
867858
867859
867860
867861
867862
867863
867864
867865
867866
867867
867868
867869
867870
867871
867872
867873
867874
867875
867876
867877
867878
867879
867880
867881
867882
867883
867884
867885
867886
867887
867888
867889
867890
867891
867892
867893
867894
867895
867896
867897
867898
867899
867900
867901
867902
867903
867904
867905
867906
867907
867908
867909
867910
867911
867912
867913
867914
867915
867916
867917
867918
867919
867920
867921
867922
867923
867924
867925
867926
867927
867928
867929
867930
867931
867932
867933
867934
867935
867936
867937
867938
867939
867940
867941
867942
867943
867944
867945
867946
867947
867948
867949
867950
867951
867952
867953
867954
867955
867956
867957
867958
867959
867960
867961
867962
867963
867964
867965
867966
867967
867968
867969
867970
867971
867972
867973
867974
867975
867976
867977
867978
867979
867980
867981
867982
867983
867984
867985
867986
867987
867988
867989
867990
867991
867992
867993
867994
867995
867996
867997
867998
867999
868000
868001
868002
868003
868004
868005
868006
868007
868008
868009
868010
868011
868012
868013
868014
868015
868016
868017
868018
868019
868020
868021
868022
868023
868024
868025
868026
868027
868028
868029
868030
868031
868032
868033
868034
868035
868036
868037
868038
868039
868040
868041
868042
868043
868044
868045
868046
868047
868048
868049
868050
868051
868052
868053
868054
868055
868056
868057
868058
868059
868060
868061
868062
868063
868064
868065
868066
868067
868068
868069
868070
868071
868072
868073
868074
868075
868076
868077
868078
868079
868080
868081
868082
868083
868084
868085
868086
868087
868088
868089
868090
868091
868092
868093
868094
868095
868096
868097
868098
868099
868100
868101
868102
868103
868104
868105
868106
868107
868108
868109
868110
868111
868112
868113
868114
868115
868116
868117
868118
868119
868120
868121
868122
868123
868124
868125
868126
868127
868128
868129
868130
868131
868132
868133
868134
868135
868136
868137
868138
868139
868140
868141
868142
868143
868144
868145
868146
868147
868148
868149
868150
868151
868152
868153
868154
868155
868156
868157
868158
868159
868160
868161
868162
868163
868164
868165
868166
868167
868168
868169
868170
868171
868172
868173
868174
868175
868176
868177
868178
868179
868180
868181
868182
868183
868184
868185
868186
868187
868188
868189
868190
868191
868192
868193
868194
868195
868196
868197
868198
868199
868200
868201
868202
868203
868204
868205
868206
868207
868208
868209
868210
868211
868212
868213
868214
868215
868216
868217
868218
868219
868220
868221
868222
868223
868224
868225
868226
868227
868228
868229
868230
868231
868232
868233
868234
868235
868236
868237
868238
868239
868240
868241
868242
868243
868244
868245
868246
868247
868248
868249
868250
868251
868252
868253
868254
868255
868256
868257
868258
868259
868260
868261
868262
868263
868264
868265
868266
868267
868268
868269
868270
868271
868272
868273
868274
868275
868276
868277
868278
868279
868280
868281
868282
868283
868284
868285
868286
868287
868288
868289
868290
868291
868292
868293
868294
868295
868296
868297
868298
868299
868300
868301
868302
868303
868304
868305
868306
868307
868308
868309
868310
868311
868312
868313
868314
868315
868316
868317
868318
868319
868320
868321
868322
868323
868324
868325
868326
868327
868328
868329
868330
868331
868332
868333
868334
868335
868336
868337
868338
868339
868340
868341
868342
868343
868344
868345
868346
868347
868348
868349
868350
868351
)


// ************************************************************************* //
